climsw 2009  1  1   1   -22.5  -15.5    4.1 -999.9    0.0    6.9    0.8  330.0
climsw 2009  1  2   2   -21.0  -13.0    4.4 -999.9    0.0    4.1    1.1  330.0
climsw 2009  1  3   3   -16.5  -12.0    3.3 -999.9    0.0    7.5    1.4  330.0
climsw 2009  1  4   4   -15.5   -9.5    3.8 -999.9    1.0    7.3    1.7  330.0
climsw 2009  1  5   5   -14.0   -5.0    4.7 -999.9    0.0    4.7    2.5  330.0
climsw 2009  1  6   6   -14.0   -8.0    3.9 -999.9    0.0    4.4    1.9  330.0
climsw 2009  1  7   7   -20.0   -9.5    5.2 -999.9   17.0    6.4    1.6  330.0
climsw 2009  1  8   8   -11.0   -8.0    2.8 -999.9    4.5    5.4    2.6  330.0
climsw 2009  1  9   9   -15.0  -12.0    2.8 -999.9    0.0    7.2    1.7  330.0
climsw 2009  1 10  10   -20.0  -14.5    3.9 -999.9    0.0    5.2    1.1  330.0
climsw 2009  1 11  11   -23.0  -10.0    6.0 -999.9    0.0    1.6    1.3  330.0
climsw 2009  1 12  12   -21.0   -9.5    5.7 -999.9    3.0    2.2    1.5  330.0
climsw 2009  1 13  13   -16.5   -1.0    6.7 -999.9    4.0    2.0    2.8  330.0
climsw 2009  1 14  14   -23.0  -20.0    3.0 -999.9    0.0    7.4    0.8  330.0
climsw 2009  1 15  15   -32.5  -22.5    5.5 -999.9    0.0    2.9    0.4  330.0
climsw 2009  1 16  16   -34.0  -24.5    5.4 -999.9    0.0    2.5    0.4  330.0
climsw 2009  1 17  17   -35.0  -18.5    7.2 -999.9    0.0    1.4    0.5  330.0
climsw 2009  1 18  18   -27.0  -12.0    6.9 -999.9   15.0    7.9    1.1  330.0
climsw 2009  1 19  19   -15.5   -9.0    4.6 -999.9    2.0    3.2    1.9  330.0
climsw 2009  1 20  20   -18.0   -9.5    5.3 -999.9    0.0    2.1    1.8  330.0
climsw 2009  1 21  21   -21.5   -7.0    7.0 -999.9    3.5    4.0    1.7  330.0
climsw 2009  1 22  22   -14.0   -3.0    6.2 -999.9    1.0    5.7    2.6  330.0
climsw 2009  1 23  23   -27.5   -9.5    8.0 -999.9    9.5    3.9    1.1  330.0
climsw 2009  1 24  24   -21.0  -17.0    3.8 -999.9    1.0    6.7    1.0  330.0
climsw 2009  1 25  25   -26.0  -17.0    5.8 -999.9    0.0    3.2    0.7  330.0
climsw 2009  1 26  26   -36.5  -17.5    8.6 -999.9    0.0    1.5    0.4  330.0
climsw 2009  1 27  27   -27.0  -13.5    7.3 -999.9    0.0    2.3    0.9  330.0
climsw 2009  1 28  28   -28.0   -9.0    8.8 -999.9   32.0    4.4    1.2  330.0
climsw 2009  1 29  29   -12.0   -8.5    3.8 -999.9    0.0    4.7    2.4  330.0
climsw 2009  1 30  30   -11.5   -5.0    5.3 -999.9    3.0    1.1    2.9  330.0
climsw 2009  1 31  31   -16.5   -7.0    6.5 -999.9    0.0    5.6    2.1  330.0
climsw 2009  2  1  32   -28.0  -10.0    9.0 -999.9    3.0    2.3    1.1  330.0
climsw 2009  2  2  33   -15.0   -3.0    7.5 -999.9    0.0    2.8    2.6  330.0
climsw 2009  2  3  34   -25.0   -9.5    8.6 -999.9    0.0    2.0    1.2  330.0
climsw 2009  2  4  35   -17.0  -12.5    4.7 -999.9    0.0    3.7    1.1  330.0
climsw 2009  2  5  36   -27.0  -13.5    8.3 -999.9    0.0    5.1    0.7  330.0
climsw 2009  2  6  37   -23.5  -11.0    8.1 -999.9    0.0    3.8    1.2  330.0
climsw 2009  2  7  38   -20.0    1.5   10.8 -999.9    8.0    1.3    2.4  330.0
climsw 2009  2  8  39   -10.5    0.0    7.6 -999.9    0.0    7.8    3.0  330.0
climsw 2009  2  9  40   -21.5   -9.0    8.4 -999.9    0.0    4.5    1.2  330.0
climsw 2009  2 10  41   -22.0   -5.0   10.0 -999.9    0.0    2.2    1.5  330.0
climsw 2009  2 11  42    -8.0    1.5    7.6 -999.9    3.8    1.4    4.5  330.0
climsw 2009  2 12  43    -3.0    1.5    5.3 -999.9    9.0    1.6    5.0  330.0
climsw 2009  2 13  44   -18.0   -7.0    8.4 -999.9    0.0    4.7    1.5  330.0
climsw 2009  2 14  45   -13.0   -4.5    7.5 -999.9    0.0    6.4    2.1  330.0
climsw 2009  2 15  46   -10.5   -5.0    6.1 -999.9    1.0    4.2    2.5  330.0
climsw 2009  2 16  47   -10.0   -3.0    7.0 -999.9    2.0    3.1    2.9  330.0
climsw 2009  2 17  48   -10.0   -2.0    7.6 -999.9    0.0    2.2    2.7  330.0
climsw 2009  2 18  49   -20.5   -1.5   11.9 -999.9    5.0    3.9    2.0  330.0
climsw 2009  2 19  50    -4.5   -2.0    4.4 -999.9   23.0    7.4    4.7  330.0
climsw 2009  2 20  51   -11.5   -7.0    5.9 -999.9    1.5    5.9    2.8  330.0
climsw 2009  2 21  52   -11.0   -5.5    6.7 -999.9    0.0    6.7    2.7  330.0
climsw 2009  2 22  53   -13.0   -4.0    8.6 -999.9   18.0    4.1    2.8  330.0
climsw 2009  2 23  54    -5.0   -2.0    5.1 -999.9    3.0    4.4    3.9  330.0
climsw 2009  2 24  55   -10.0   -5.0    6.6 -999.9    0.0    5.8    2.2  330.0
climsw 2009  2 25  56   -17.0   -4.0   10.8 -999.9    0.0    3.3    2.0  330.0
climsw 2009  2 26  57   -16.0    0.0   12.2 -999.9    0.0    1.2    2.8  330.0
climsw 2009  2 27  58    -4.0   10.5   11.8 -999.9   11.7    3.6    6.9  330.0
climsw 2009  2 28  59   -14.5   -9.5    7.0 -999.9    0.0    5.3    1.5  330.0
climsw 2009  3  1  60   -24.0   -7.5   12.9 -999.9    1.0    2.9    1.3  330.0
climsw 2009  3  2  61   -11.0   -9.0    4.6 -999.9   12.0    3.1    2.1  330.0
climsw 2009  3  3  62   -19.0   -7.0   11.3 -999.9    0.0    5.6    1.3  330.0
climsw 2009  3  4  63   -21.0   -7.0   12.4 -999.9    0.0    4.7    1.1  330.0
climsw 2009  3  5  64   -18.0   -5.5   11.9 -999.9   10.0    4.1    1.4  330.0
climsw 2009  3  6  65    -9.0    3.0   11.8 -999.9   11.6    3.0    4.7  330.0
climsw 2009  3  7  66    -2.0    4.5    8.8 -999.9    0.0    4.9    5.3  330.0
climsw 2009  3  8  67    -2.5    4.0    8.9 -999.9    0.0    3.6    4.6  330.0
climsw 2009  3  9  68    -9.0   -3.0    8.7 -999.9    0.0    4.1    2.9  330.0
climsw 2009  3 10  69   -16.5    4.5   16.4 -999.9    2.0    1.7    2.9  330.0
climsw 2009  3 11  70    -2.5    8.0   11.8 -999.9    2.5    7.0    5.9  330.0
climsw 2009  3 12  71   -15.0   -9.0    9.0 -999.9    0.0    8.3    1.2  330.0
climsw 2009  3 13  72   -20.0   -5.0   14.4 -999.9    0.0    4.7    1.3  330.0
climsw 2009  3 14  73   -15.0    2.0   15.5 -999.9    0.0    4.2    2.5  330.0
climsw 2009  3 15  74    -5.0   -3.5    4.7 -999.9    0.0    4.1    3.5  330.0
climsw 2009  3 16  75   -15.5   -2.0   14.2 -999.9    0.0    2.2    1.8  330.0
climsw 2009  3 17  76   -14.0    9.0   18.7 -999.9    0.0    1.4    2.9  330.0
climsw 2009  3 18  77    -5.0    7.5   14.0 -999.9    0.6    2.8    5.4  330.0
climsw 2009  3 19  78    -3.0    2.0    8.9 -999.9    0.0    5.3    3.3  330.0
climsw 2009  3 20  79   -15.0   -1.5   14.9 -999.9    0.0    4.0    1.7  330.0
climsw 2009  3 21  80   -15.0    3.0   17.4 -999.9    0.0    2.3    2.3  330.0
climsw 2009  3 22  81    -5.5   -2.0    7.7 -999.9    0.0    5.6    2.8  330.0
climsw 2009  3 23  82   -16.0   -5.0   13.9 -999.9    0.0    3.4    1.6  330.0
climsw 2009  3 24  83   -17.0    0.5   17.7 -999.9    0.0    3.1    2.1  330.0
climsw 2009  3 25  84   -11.5    4.0   16.8 -999.9    0.0    2.3    3.1  330.0
climsw 2009  3 26  85    -4.0    5.0   13.0 -999.9    7.0    3.3    4.4  330.0
climsw 2009  3 27  86    -1.0    4.0    9.8 -999.9    0.0    2.9    6.2  330.0
climsw 2009  3 28  87    -5.0   11.0   17.7 -999.9    0.0    1.9    5.7  330.0
climsw 2009  3 29  88     0.0    4.0    8.9 -999.9    6.3    6.8    5.6  330.0
climsw 2009  3 30  89     0.0    1.0    4.5 -999.9    1.8    7.2    5.5  330.0
climsw 2009  3 31  90    -1.5    3.0    9.7 -999.9    0.0    2.0    5.2  330.0
climsw 2009  4  1  91    -3.0    5.0   13.0 -999.9    1.1    3.3    5.3  330.0
climsw 2009  4  2  92     0.0   10.5   15.1 -999.9    0.5    3.3    5.6  330.0
climsw 2009  4  3  93    -2.5    9.5   16.2 -999.9   12.5    5.4    5.9  330.0
climsw 2009  4  4  94     1.0    3.5    7.5 -999.9    6.0    3.9    6.5  330.0
climsw 2009  4  5  95     0.0    4.0    9.6 -999.9    4.8    1.9    6.7  330.0
climsw 2009  4  6  96     0.0    3.5    9.0 -999.9   34.2    5.9    5.8  330.0
climsw 2009  4  7  97     0.0    2.0    6.9 -999.9    9.2    5.9    6.5  330.0
climsw 2009  4  8  98    -2.0    1.0    8.5 -999.9    0.2    5.1    5.2  330.0
climsw 2009  4  9  99    -0.5    3.0    9.3 -999.9    1.0    4.3    5.6  330.0
climsw 2009  4 10 100    -3.5    3.0   12.7 -999.9    0.0    3.0    4.0  330.0
climsw 2009  4 11 101    -5.5    7.0   17.8 -999.9    0.0    3.5    3.8  330.0
climsw 2009  4 12 102    -3.5    4.5   14.4 -999.9    0.0    6.3    3.2  330.0
climsw 2009  4 13 103    -2.0    9.0   17.0 -999.9    0.0    6.4    3.1  330.0
climsw 2009  4 14 104    -3.5   10.5   19.3 -999.9    0.0    3.6    3.0  330.0
climsw 2009  4 15 105    -5.5   10.5   20.8 -999.9    0.0    2.4    2.9  330.0
climsw 2009  4 16 106    -5.0   13.0   22.3 -999.9    0.0    2.9    3.0  330.0
climsw 2009  4 17 107     1.0   18.0   21.8 -999.9    0.0    5.3    5.2  330.0
climsw 2009  4 18 108    -0.5   12.0   18.9 -999.9    0.0    2.9    4.8  330.0
climsw 2009  4 19 109    -5.0    9.0   20.1 -999.9    0.0    3.0    3.0  330.0
climsw 2009  4 20 110    -6.0   11.5   22.6 -999.9    0.6    4.2    3.3  330.0
climsw 2009  4 21 111     2.0    5.0    9.4 -999.9   16.8    6.8    6.0  330.0
climsw 2009  4 22 112     3.0   13.5   17.8 -999.9   30.3    3.4    9.4  330.0
climsw 2009  4 23 113     5.0    7.0    7.8 -999.9    1.0    7.8    7.1  330.0
climsw 2009  4 24 114     0.5   16.5   22.3 -999.9    0.0    5.8    6.2  330.0
climsw 2009  4 25 115     2.0   27.0   28.0 -999.9    0.0    3.6    8.7  330.0
climsw 2009  4 26 116     7.0   12.0   12.6 -999.9    0.0    4.8    5.1  330.0
climsw 2009  4 27 117     5.0   19.5   21.6 -999.9    0.0    3.8    7.4  330.0
climsw 2009  4 28 118     5.5   21.0   22.5 -999.9    3.6    5.8    9.5  330.0
climsw 2009  4 29 119    -1.0   13.0   21.5 -999.9    0.0    4.6    3.7  330.0
climsw 2009  4 30 120    -3.0   18.5   26.8 -999.9   15.6    2.2    4.0  330.0
climsw 2009  5  1 121     7.5   20.0   20.6 -999.9    4.6    5.1   11.2  330.0
climsw 2009  5  2 122     4.0   12.0   16.6 -999.9    0.8    4.8    6.8  330.0
climsw 2009  5  3 123     3.0   16.0   21.2 -999.9    0.4    4.6    7.1  330.0
climsw 2009  5  4 124     5.5   17.0   20.1 -999.9    0.0    4.3    5.9  330.0
climsw 2009  5  5 125     2.0   14.5   21.0 -999.9    0.0    4.5    4.7  330.0
climsw 2009  5  6 126     6.0   10.0   12.0 -999.9    1.8    3.8    8.6  330.0
climsw 2009  5  7 127     4.5    9.5   13.4 -999.9    9.8    5.0    9.0  330.0
climsw 2009  5  8 128     7.0   14.0   16.0 -999.9    1.2    1.5   11.6  330.0
climsw 2009  5  9 129     3.0   18.5   23.9 -999.9    9.4    2.0   10.3  330.0
climsw 2009  5 10 130     7.0   10.0   10.6 -999.9    4.0    4.4    8.9  330.0
climsw 2009  5 11 131     1.0   15.0   22.9 -999.9    0.0    3.1    5.5  330.0
climsw 2009  5 12 132    -1.0   17.0   26.1 -999.9    0.0    2.3    4.4  330.0
climsw 2009  5 13 133     0.5   20.5   27.7 -999.9    0.0    2.3    5.7  330.0
climsw 2009  5 14 134     9.5   21.0   21.1 -999.9    4.3    5.4   10.5  330.0
climsw 2009  5 15 135     9.5   16.0   15.9 -999.9    0.0    4.4    8.9  330.0
climsw 2009  5 16 136     5.0   14.5   19.3 -999.9   10.7    4.6    8.3  330.0
climsw 2009  5 17 137     8.0   11.0   10.9 -999.9    1.0    7.0    6.6  330.0
climsw 2009  5 18 138     2.0   11.0   18.9 -999.9    0.0    3.6    5.3  330.0
climsw 2009  5 19 139    -0.5   17.5   26.9 -999.9    0.2    4.5    6.9  330.0
climsw 2009  5 20 140     0.5   14.0   23.4 -999.9    0.1    2.8    6.4  330.0
climsw 2009  5 21 141     1.5   29.0   33.5 -999.9    0.0    6.7    8.3  330.0
climsw 2009  5 22 142    13.5   19.0   15.0 -999.9    1.1    5.8    8.5  330.0
climsw 2009  5 23 143     0.5   19.0   27.6 -999.9    0.0    1.9    5.8  330.0
climsw 2009  5 24 144     7.0   21.5   24.5 -999.9    0.0    3.8    8.5  330.0
climsw 2009  5 25 145     4.0   11.5   17.7 -999.9    0.0    4.4    4.5  330.0
climsw 2009  5 26 146    -3.0   15.0   27.5 -999.9    0.0    2.6    4.4  330.0
climsw 2009  5 27 147     6.5   12.5   15.9 -999.9    4.7    4.1    8.1  330.0
climsw 2009  5 28 148     6.0   18.5   23.0 -999.9    3.8    5.0   10.0  330.0
climsw 2009  5 29 149     9.5   16.0   16.7 -999.9   37.9    3.4   14.6  330.0
climsw 2009  5 30 150    11.0   17.0   16.0 -999.9    1.9    3.8   14.5  330.0
climsw 2009  5 31 151     5.0   17.0   22.7 -999.9    4.5    4.0    9.1  330.0
climsw 2009  6  1 152     2.5   17.0   25.1 -999.9    1.3    7.5    7.9  330.0
climsw 2009  6  2 153     6.0   17.5   22.4 -999.9    0.3    4.7    9.7  330.0
climsw 2009  6  3 154     6.0   19.0   23.8 -999.9    0.0    4.4    8.0  330.0
climsw 2009  6  4 155     7.0   18.0   22.0 -999.9    0.0    3.8    7.2  330.0
climsw 2009  6  5 156     4.0   23.5   29.3 -999.9    0.0    2.7    8.2  330.0
climsw 2009  6  6 157     6.0   22.0   26.6 -999.9    0.9    4.1    8.8  330.0
climsw 2009  6  7 158     5.0   19.0   24.9 -999.9    0.0    4.5    6.9  330.0
climsw 2009  6  8 159     3.0   19.5   27.1 -999.9    0.0    2.8    6.5  330.0
climsw 2009  6  9 160     5.0   13.5   19.4 -999.9    0.0    5.5    8.0  330.0
climsw 2009  6 10 161     9.0   13.0   13.4 -999.9    0.0    3.9   13.1  330.0
climsw 2009  6 11 162    10.0   20.5   21.7 -999.9    5.7    2.2   13.4  330.0
climsw 2009  6 12 163    11.5   17.0   15.7 -999.9    5.2    3.6   13.8  330.0
climsw 2009  6 13 164     8.0   23.8   26.6 -999.9    0.0    2.8   10.7  330.0
climsw 2009  6 14 165     8.3   24.0   26.6 -999.9    0.0    2.5   11.8  330.0
climsw 2009  6 15 166     9.3   22.5   24.4 -999.9    0.0    3.0   13.2  330.0
climsw 2009  6 16 167     9.5   23.5   25.1 -999.9    0.0    2.3   12.9  330.0
climsw 2009  6 17 168    11.5   25.5   25.1 -999.9    0.0    2.8   14.8  330.0
climsw 2009  6 18 169    11.3   22.5   22.5 -999.9    0.8    2.9   13.4  330.0
climsw 2009  6 19 170    13.0   17.5   14.3 -999.9   19.1    3.4   17.0  330.0
climsw 2009  6 20 171    15.5   18.5   11.6 -999.9    0.0    5.6   17.2  330.0
climsw 2009  6 21 172    13.5   17.5   13.4 -999.9    0.0    5.6   15.9  330.0
climsw 2009  6 22 173    12.5   20.0   18.4 -999.9    0.0    5.3   13.9  330.0
climsw 2009  6 23 174    12.5   24.0   22.8 -999.9    0.0    4.2   12.7  330.0
climsw 2009  6 24 175    15.5   26.5   22.3 -999.9    0.0    3.2   15.8  330.0
climsw 2009  6 25 176    14.5   29.5   26.0 -999.9    7.2    2.4   20.2  330.0
climsw 2009  6 26 177    16.0   25.0   20.1 -999.9    9.0    1.8   21.0  330.0
climsw 2009  6 27 178    15.0   20.0   15.0 -999.9   18.1    2.7   19.4  330.0
climsw 2009  6 28 179    14.0   18.0   13.4 -999.9    3.4    5.2   16.9  330.0
climsw 2009  6 29 180    13.0   17.5   14.2 -999.9   14.6    6.1   15.9  330.0
climsw 2009  6 30 181    13.5   18.5   15.0 -999.9    0.1    5.6   16.3  330.0
climsw 2009  7  1 182    12.5   19.5   17.7 -999.9    0.0    5.6   16.4  330.0
climsw 2009  7  2 183    13.5   18.5   14.9 -999.9   11.4    5.0   17.3  330.0
climsw 2009  7  3 184    13.5   18.5   14.9 -999.9   15.3    4.1   16.9  330.0
climsw 2009  7  4 185    13.5   17.0   12.4 -999.9    5.0    4.1   16.4  330.0
climsw 2009  7  5 186    12.5   20.0   18.2 -999.9    0.4    5.3   15.0  330.0
climsw 2009  7  6 187    11.5   17.5   16.2 -999.9    3.2    4.4   13.8  330.0
climsw 2009  7  7 188    11.0   17.5   16.9 -999.9   13.1    5.2   15.1  330.0
climsw 2009  7  8 189    12.0   18.5   16.8 -999.9    0.4    3.8   14.6  330.0
climsw 2009  7  9 190     7.5   25.0   27.6 -999.9    0.1    2.1   12.8  330.0
climsw 2009  7 10 191    12.0   25.5   24.2 -999.9    0.0    2.6   14.9  330.0
climsw 2009  7 11 192    12.0   27.0   25.4 -999.9   17.4    2.5   17.4  330.0
climsw 2009  7 12 193    15.0   20.5   15.4 -999.9    4.6    4.1   16.5  330.0
climsw 2009  7 13 194    11.0   19.5   19.1 -999.9    3.9    3.1   14.5  330.0
climsw 2009  7 14 195     9.0   19.5   21.1 -999.9    1.9    4.5   13.3  330.0
climsw 2009  7 15 196     9.0   18.5   20.0 -999.9    0.1    3.6   11.7  330.0
climsw 2009  7 16 197    11.5   20.5   19.5 -999.9    1.0    2.6   14.9  330.0
climsw 2009  7 17 198    14.5   24.5   20.5 -999.9    4.9    2.4   18.7  330.0
climsw 2009  7 18 199    14.5   22.5   18.2 -999.9   33.6    4.1   19.9  330.0
climsw 2009  7 19 200    12.5   22.5   20.3 -999.9    0.1    5.1   16.4  330.0
climsw 2009  7 20 201    13.5   24.5   21.3 -999.9    0.0    2.8   17.1  330.0
climsw 2009  7 21 202    12.0   26.5   24.3 -999.9    0.0    2.0   15.3  330.0
climsw 2009  7 22 203    14.5   18.5   12.7 -999.9    6.6    2.6   16.0  330.0
climsw 2009  7 23 204    13.0   24.0   21.0 -999.9    0.0    3.7   15.7  330.0
climsw 2009  7 24 205    15.0   19.5   13.4 -999.9    0.0    4.8   15.2  330.0
climsw 2009  7 25 206    13.5   17.0   11.8 -999.9    0.4    4.4   15.3  330.0
climsw 2009  7 26 207    12.0   16.0   12.5 -999.9    7.5    6.5   14.6  330.0
climsw 2009  7 27 208    13.0   23.5   20.2 -999.9    6.9    2.6   19.5  330.0
climsw 2009  7 28 209    14.5   26.5   21.6 -999.9    0.4    3.8   19.2  330.0
climsw 2009  7 29 210    18.0   28.5   20.1 -999.9   15.0    1.9   25.5  330.0
climsw 2009  7 30 211    18.0   27.0   18.5 -999.9    0.1    2.9   21.7  330.0
climsw 2009  7 31 212    15.5   21.5   15.0 -999.9    0.0    2.6   17.7  330.0
climsw 2009  8  1 213    15.0   26.0   20.3 -999.9    0.3    2.9   18.7  330.0
climsw 2009  8  2 214    15.0   27.5   21.5 -999.9   11.8    2.3   20.9  330.0
climsw 2009  8  3 215    17.0   23.0   14.8 -999.9    0.0    4.1   17.5  330.0
climsw 2009  8  4 216    15.0   27.5   21.3 -999.9    0.1    2.1   17.9  330.0
climsw 2009  8  5 217    18.0   23.5   14.1 -999.9    0.1    5.3   16.8  330.0
climsw 2009  8  6 218    11.5   21.5   18.9 -999.9    0.5    2.6   14.6  330.0
climsw 2009  8  7 219    12.0   17.5   13.9 -999.9   20.7    2.3   13.6  330.0
climsw 2009  8  8 220     7.0   21.5   22.5 -999.9    0.0    3.3   11.8  330.0
climsw 2009  8  9 221    10.5   23.5   21.2 -999.9    8.0    1.5   14.5  330.0
climsw 2009  8 10 222    15.0   24.0   17.5 -999.9    4.8    2.1   20.9  330.0
climsw 2009  8 11 223    15.0   24.0   17.4 -999.9    0.0    2.8   16.6  330.0
climsw 2009  8 12 224    14.5   27.0   20.4 -999.9    0.0    1.8   17.1  330.0
climsw 2009  8 13 225    13.5   28.0   21.8 -999.9    0.0    2.2   17.1  330.0
climsw 2009  8 14 226    15.5   29.5   21.3 -999.9    0.0    3.3   21.0  330.0
climsw 2009  8 15 227    17.0   29.0   19.6 -999.9    0.0    4.4   21.5  330.0
climsw 2009  8 16 228    18.5   30.0   19.1 -999.9    0.1    2.8   23.9  330.0
climsw 2009  8 17 229    17.0   30.5   20.5 -999.9    2.2    3.2   23.6  330.0
climsw 2009  8 18 230    20.0   31.0   18.4 -999.9    4.1    4.0   27.7  330.0
climsw 2009  8 19 231    20.5   26.5   13.5 -999.9    0.0    4.6   21.0  330.0
climsw 2009  8 20 232    12.5   25.0   19.4 -999.9    0.7    2.0   15.9  330.0
climsw 2009  8 21 233    17.0   22.3   12.5 -999.9   15.9    3.6   19.9  330.0
climsw 2009  8 22 234    17.0   27.5   17.5 -999.9    0.0    2.6   22.2  330.0
climsw 2009  8 23 235    18.0   21.5   10.0 -999.9    0.0    3.8   17.5  330.0
climsw 2009  8 24 236    11.5   24.0   18.8 -999.9    0.0    2.8   13.8  330.0
climsw 2009  8 25 237     8.0   23.5   20.8 -999.9    0.0    2.4   13.1  330.0
climsw 2009  8 26 238    16.0   23.0   13.9 -999.9    0.0    7.1   14.3  330.0
climsw 2009  8 27 239     6.0   17.0   17.2 -999.9    0.0    4.3    8.1  330.0
climsw 2009  8 28 240     3.5   17.5   19.3 -999.9    0.0    2.4    7.7  330.0
climsw 2009  8 29 241     7.5   14.5   13.5 -999.9    2.8    6.2   10.3  330.0
climsw 2009  8 30 242    10.0   20.0   16.0 -999.9    7.2    3.2   15.6  330.0
climsw 2009  8 31 243    10.0   19.5   15.5 -999.9    0.1    4.2   11.6  330.0
climsw 2009  9  1 244     5.5   21.5   20.0 -999.9    0.0    3.2   11.3  330.0
climsw 2009  9  2 245    11.0   24.0   17.8 -999.9    0.0    3.7   15.3  330.0
climsw 2009  9  3 246    11.5   24.5   17.7 -999.9    0.0    4.7   16.3  330.0
climsw 2009  9  4 247    12.0   25.0   17.5 -999.9    0.0    3.8   14.5  330.0
climsw 2009  9  5 248     5.0   19.5   18.3 -999.9    0.0    3.0    8.6  330.0
climsw 2009  9  6 249     1.5   19.5   20.2 -999.9    0.0    1.8    8.1  330.0
climsw 2009  9  7 250     4.5   22.5   20.1 -999.9    0.0    3.3   11.7  330.0
climsw 2009  9  8 251    13.5   24.0   15.2 -999.9    0.0    3.2   14.6  330.0
climsw 2009  9  9 252     3.0   18.5   18.3 -999.9    0.0    2.9    7.4  330.0
climsw 2009  9 10 253     1.0   22.5   21.3 -999.9    0.0    1.8    9.2  330.0
climsw 2009  9 11 254     7.5   22.0   17.3 -999.9    0.0    2.4   12.5  330.0
climsw 2009  9 12 255     8.0   24.5   18.3 -999.9    0.0    2.2   13.4  330.0
climsw 2009  9 13 256     8.5   20.0   15.1 -999.9    2.9    3.6   12.2  330.0
climsw 2009  9 14 257     8.0   15.5   12.1 -999.9    0.0    3.8   11.0  330.0
climsw 2009  9 15 258     8.5   17.0   12.7 -999.9    0.0    2.5   11.2  330.0
climsw 2009  9 16 259     5.0   14.5   13.3 -999.9    0.5    3.6    7.7  330.0
climsw 2009  9 17 260    -1.0   18.5   18.9 -999.9    0.0    2.8    7.8  330.0
climsw 2009  9 18 261     7.5   15.5   12.0 -999.9   12.6    6.5   10.3  330.0
climsw 2009  9 19 262     7.0   15.5   12.2 -999.9    0.0    5.0    8.3  330.0
climsw 2009  9 20 263     4.0   18.5   15.8 -999.9    0.0    3.4   10.3  330.0
climsw 2009  9 21 264     7.0   23.5   16.6 -999.9    0.0    2.0   12.7  330.0
climsw 2009  9 22 265     6.0   19.5   14.9 -999.9    3.9    0.9   14.1  330.0
climsw 2009  9 23 266    16.0   20.0    8.0 -999.9   19.8    4.0   20.0  330.0
climsw 2009  9 24 267     6.0   17.5   13.4 -999.9    0.1    3.8   10.1  330.0
climsw 2009  9 25 268     6.0   11.5    9.2 -999.9    0.0    2.6    7.9  330.0
climsw 2009  9 26 269    -2.0   16.0   16.4 -999.9    0.0    2.1    7.4  330.0
climsw 2009  9 27 270     8.0   14.0    9.3 -999.9   13.5    2.6   11.9  330.0
climsw 2009  9 28 271    12.0   17.0    8.4 -999.9   33.5    4.0   15.5  330.0
climsw 2009  9 29 272     9.0   16.5   10.2 -999.9    9.4    1.5   13.4  330.0
climsw 2009  9 30 273     7.0   10.0    6.4 -999.9    1.8    4.1   10.0  330.0
climsw 2009 10  1 274     5.5    7.5    5.1 -999.9    0.7    4.7    9.2  330.0
climsw 2009 10  2 275     5.0    9.5    7.6 -999.9    1.1    2.2    9.1  330.0
climsw 2009 10  3 276     5.0    9.5    7.5 -999.9   11.6    5.2    9.5  330.0
climsw 2009 10  4 277     9.0   10.0    3.5 -999.9    0.1    3.8   11.2  330.0
climsw 2009 10  5 278     9.0   14.5    8.1 -999.9    2.9    3.0   12.7  330.0
climsw 2009 10  6 279     7.0   14.5    9.3 -999.9    0.1    4.3   10.9  330.0
climsw 2009 10  7 280     4.0    9.5    7.9 -999.9   22.4    3.8    9.5  330.0
climsw 2009 10  8 281     5.0   11.5    8.5 -999.9    0.4    2.7    9.1  330.0
climsw 2009 10  9 282     5.5   10.5    7.3 -999.9    7.6    1.2   10.4  330.0
climsw 2009 10 10 283     4.0   10.0    7.9 -999.9    7.3    3.4    7.6  330.0
climsw 2009 10 11 284     0.0    9.5    9.8 -999.9    1.0    5.1    6.4  330.0
climsw 2009 10 12 285     1.0    9.0    8.9 -999.9    0.0    4.4    6.1  330.0
climsw 2009 10 13 286     0.5    4.5    6.2 -999.9    3.7    1.8    6.4  330.0
climsw 2009 10 14 287    -3.0    5.0    8.7 -999.9    0.0    4.2    4.4  330.0
climsw 2009 10 15 288    -4.0    5.5    9.3 -999.9    0.0    2.1    3.7  330.0
climsw 2009 10 16 289    -6.0    5.5   10.1 -999.9    0.0    3.4    3.7  330.0
climsw 2009 10 17 290    -3.0    6.5    9.0 -999.9    0.0    3.1    4.0  330.0
climsw 2009 10 18 291    -3.0    5.5    8.4 -999.9    0.0    3.0    4.4  330.0
climsw 2009 10 19 292    -5.0    8.0   10.3 -999.9    1.8    2.0    4.6  330.0
climsw 2009 10 20 293     0.0    7.5    7.7 -999.9    0.3    1.7    6.4  330.0
climsw 2009 10 21 294    -1.0    8.5    8.5 -999.9    0.0    3.5    5.3  330.0
climsw 2009 10 22 295    -1.0    0.5    3.3 -999.9    6.4    4.5    5.4  330.0
climsw 2009 10 23 296    -8.0    5.0    9.7 -999.9   11.3    2.3    4.5  330.0
climsw 2009 10 24 297    -2.0    7.0    8.0 -999.9   16.4    5.3    7.1  330.0
climsw 2009 10 25 298     2.5    9.0    6.7 -999.9    0.3    6.0    6.8  330.0
climsw 2009 10 26 299     0.0    6.5    6.6 -999.9    0.0    3.9    4.8  330.0
climsw 2009 10 27 300     0.0    2.5    4.0 -999.9    0.2    5.7    5.5  330.0
climsw 2009 10 28 301     1.0    3.5    4.0 -999.9    0.0    6.8    5.8  330.0
climsw 2009 10 29 302     2.0    5.5    4.6 -999.9    0.0    2.7    6.6  330.0
climsw 2009 10 30 303    -2.0   11.0    8.8 -999.9    3.0    1.6    7.4  330.0
climsw 2009 10 31 304     8.0   16.5    7.0 -999.9   12.0    4.3   13.4  330.0
climsw 2009 11  1 305     3.0   10.0    6.3 -999.9    0.0    5.3    6.7  330.0
climsw 2009 11  2 306    -3.0    6.5    7.2 -999.9    0.0    3.3    5.1  330.0
climsw 2009 11  3 307     0.0    4.0    4.6 -999.9    3.4    3.1    6.1  330.0
climsw 2009 11  4 308    -1.0    3.0    4.5 -999.9    0.0    4.9    4.7  330.0
climsw 2009 11  5 309    -5.8    2.5    6.4 -999.9    1.0    3.4    4.0  330.0
climsw 2009 11  6 310    -2.0    4.5    5.6 -999.9    0.0    3.0    4.9  330.0
climsw 2009 11  7 311    -4.5    4.0    6.3 -999.9    0.0    2.1    4.4  330.0
climsw 2009 11  8 312    -1.5   13.0    8.2 -999.9    0.0    4.1    6.1  330.0
climsw 2009 11  9 313    -1.5   11.5    7.6 -999.9    0.0    2.1    6.0  330.0
climsw 2009 11 10 314     2.0   11.0    6.3 -999.9    0.0    5.1    6.5  330.0
climsw 2009 11 11 315    -3.5    9.5    7.4 -999.9    0.0    2.9    5.2  330.0
climsw 2009 11 12 316    -5.0    8.0    7.3 -999.9    0.0    1.8    5.0  330.0
climsw 2009 11 13 317    -7.5   10.0    8.4 -999.9    0.0    1.8    4.2  330.0
climsw 2009 11 14 318    -5.5   10.5    7.9 -999.9   14.0    2.4    4.5  330.0
climsw 2009 11 15 319     5.0   11.5    5.0 -999.9    1.2    3.2   10.8  330.0
climsw 2009 11 16 320     2.5    5.5    3.3 -999.9    0.0    6.3    5.8  330.0
climsw 2009 11 17 321    -2.5    6.0    5.6 -999.9    0.0    3.1    4.8  330.0
climsw 2009 11 18 322    -4.0    5.5    5.8 -999.9    0.0    4.0    5.1  330.0
climsw 2009 11 19 323    -3.0    8.5    6.3 -999.9    0.8    1.5    6.0  330.0
climsw 2009 11 20 324    -3.0    6.5    5.7 -999.9   12.5    3.4    6.2  330.0
climsw 2009 11 21 325     2.5    7.5    4.1 -999.9    0.0    5.6    7.4  330.0
climsw 2009 11 22 326    -4.0    3.5    4.9 -999.9    0.0    2.0    5.0  330.0
climsw 2009 11 23 327    -6.0    7.0    6.4 -999.9    0.0    1.3    5.3  330.0
climsw 2009 11 24 328    -5.0    5.5    5.7 -999.9    0.2    1.8    5.4  330.0
climsw 2009 11 25 329     1.5    2.5    1.7 -999.9   12.5    5.8    6.7  330.0
climsw 2009 11 26 330     1.0    7.5    4.4 -999.9    0.0    2.2    8.1  330.0
climsw 2009 11 27 331     2.5    4.5    2.4 -999.9   29.2    3.5    7.7  330.0
climsw 2009 11 28 332     0.0    4.5    3.6 -999.9    0.0    6.0    5.2  330.0
climsw 2009 11 29 333    -1.0    3.0    3.3 -999.9    3.0    5.3    4.4  330.0
climsw 2009 11 30 334    -1.0    0.0    1.7 -999.9    2.0    3.3    5.2  330.0
climsw 2009 12  1 335    -6.0   -0.5    3.8 -999.9    0.5    2.4    4.2  330.0
climsw 2009 12  2 336    -4.0    3.0    4.3 -999.9   12.4    3.2    5.3  330.0
climsw 2009 12  3 337     0.0    2.0    2.3 -999.9   26.9    5.6    6.3  330.0
climsw 2009 12  4 338    -1.0    4.5    3.7 -999.9    0.0    3.6    5.8  330.0
climsw 2009 12  5 339    -3.5    0.5    3.2 -999.9    0.0    1.8    4.7  330.0
climsw 2009 12  6 340    -3.5    0.5    3.1 -999.9    0.0    3.4    4.0  330.0
climsw 2009 12  7 341    -7.5   -3.5    3.1 -999.9    0.0    2.7    3.1  330.0
climsw 2009 12  8 342    -9.0   -2.0    4.1 -999.9    0.0    2.1    3.0  330.0
climsw 2009 12  9 343   -13.0   -6.0    4.1 -999.9   23.0    7.3    2.5  330.0
climsw 2009 12 10 344    -7.0   -0.5    3.9 -999.9    2.0    6.9    4.2  330.0
climsw 2009 12 11 345   -10.0   -7.5    2.4 -999.9    0.0    9.9    2.2  330.0
climsw 2009 12 12 346   -14.0   -8.0    3.7 -999.9    0.0    5.8    1.6  330.0
climsw 2009 12 13 347   -12.0   -1.0    5.0 -999.9    2.8    2.1    3.1  330.0
climsw 2009 12 14 348    -6.5   -3.0    2.8 -999.9    5.5    3.3    3.8  330.0
climsw 2009 12 15 349    -5.0   -4.0    1.5 -999.9    3.0    4.9    4.1  330.0
climsw 2009 12 16 350   -18.5  -13.0    3.5 -999.9    0.0    6.4    1.2  330.0
climsw 2009 12 17 351   -20.5  -14.5    3.7 -999.9    0.0    8.1    1.0  330.0
climsw 2009 12 18 352   -20.0  -14.0    3.7 -999.9    0.0    7.6    1.0  330.0
climsw 2009 12 19 353   -19.5  -10.0    4.6 -999.9    0.0    6.0    1.1  330.0
climsw 2009 12 20 354   -22.5   -7.0    5.9 -999.9    0.0    3.3    1.4  330.0
climsw 2009 12 21 355   -11.0   -8.0    2.6 -999.9    0.0    7.2    2.2  330.0
climsw 2009 12 22 356   -12.5  -11.0    1.8 -999.9   16.0    5.5    2.0  330.0
climsw 2009 12 23 357   -13.0   -6.0    4.0 -999.9    8.5    2.4    2.7  330.0
climsw 2009 12 24 358    -9.0   -2.0    4.0 -999.9    0.0    1.6    3.8  330.0
climsw 2009 12 25 359    -4.5   -3.0    1.8 -999.9    0.0    3.9    4.0  330.0
climsw 2009 12 26 360    -6.0   -1.5    3.2 -999.9    5.8    6.7    3.8  330.0
climsw 2009 12 27 361    -5.0    0.0    3.4 -999.9   39.4    5.6    5.0  330.0
climsw 2009 12 28 362    -2.0   -0.5    1.9 -999.9    1.0    2.9    5.2  330.0
climsw 2009 12 29 363   -15.0  -12.0    2.6 -999.9    0.0    6.6    1.5  330.0
climsw 2009 12 30 364   -20.0  -12.5    4.2 -999.9    0.0    5.0    1.3  330.0
climsw 2009 12 31 365   -16.0   -4.5    5.2 -999.9    1.5    2.7    2.3  330.0
