 wbarley 1998  1  1   1     3.8    7.5    2.4    1.1    2.8 -999.9 -999.9  330.0
 wbarley 1998  1  2   2     6.1    8.9    0.8    1.1    3.5 -999.9 -999.9  330.0
 wbarley 1998  1  3   3     6.5   12.6    0.9    1.1    6.7 -999.9 -999.9  330.0
 wbarley 1998  1  4   4     5.8    7.9    1.3    1.1    6.1 -999.9 -999.9  330.0
 wbarley 1998  1  5   5     4.0    8.4    1.1    1.1   12.5 -999.9 -999.9  330.0
 wbarley 1998  1  6   6     3.1   10.4    1.9    1.1    4.5 -999.9 -999.9  330.0
 wbarley 1998  1  7   7     6.7   11.4    3.7    1.1    0.0 -999.9 -999.9  330.0
 wbarley 1998  1  8   8     7.9   10.7    3.2    1.1    0.0 -999.9 -999.9  330.0
 wbarley 1998  1  9   9     7.7   12.1    3.1    1.1    0.1 -999.9 -999.9  330.0
 wbarley 1998  1 10  10     1.6   10.2    4.7    1.1    0.1 -999.9 -999.9  330.0
 wbarley 1998  1 11  11     1.6   11.3    5.1    0.7    0.0 -999.9 -999.9  330.0
 wbarley 1998  1 12  12     4.4    9.5    3.3    0.7    0.1 -999.9 -999.9  330.0
 wbarley 1998  1 13  13     4.2   10.8    1.6    0.7    0.0 -999.9 -999.9  330.0
 wbarley 1998  1 14  14     5.4    8.3    1.3    0.7    3.0 -999.9 -999.9  330.0
 wbarley 1998  1 15  15     3.6    9.0    0.8    0.7    9.5 -999.9 -999.9  330.0
 wbarley 1998  1 16  16     6.7    8.1    2.3    0.7    9.5 -999.9 -999.9  330.0
 wbarley 1998  1 17  17     1.6    6.7    4.5    0.7    0.1 -999.9 -999.9  330.0
 wbarley 1998  1 18  18     2.3    6.3    1.0    0.7   16.1 -999.9 -999.9  330.0
 wbarley 1998  1 19  19     4.1    6.6    2.0    0.7    2.1 -999.9 -999.9  330.0
 wbarley 1998  1 20  20     1.1    4.2    2.2    0.7    0.1 -999.9 -999.9  330.0
 wbarley 1998  1 21  21    -0.1    1.4    1.9    0.3    0.0 -999.9 -999.9  330.0
 wbarley 1998  1 22  22    -1.9    1.2    1.4    0.3    0.0 -999.9 -999.9  330.0
 wbarley 1998  1 23  23    -3.4    0.4    1.0    0.3    0.1 -999.9 -999.9  330.0
 wbarley 1998  1 24  24     0.1    2.0    2.4    0.3    0.0 -999.9 -999.9  330.0
 wbarley 1998  1 25  25    -0.1    0.4    2.1    0.3    0.0 -999.9 -999.9  330.0
 wbarley 1998  1 26  26    -4.5   -0.4    6.8    0.3    0.0 -999.9 -999.9  330.0
 wbarley 1998  1 27  27    -6.3    0.2    8.0    0.3    0.0 -999.9 -999.9  330.0
 wbarley 1998  1 28  28    -8.0   -0.1    6.7    0.3    0.0 -999.9 -999.9  330.0
 wbarley 1998  1 29  29    -5.3    2.3    1.8    0.3    0.1 -999.9 -999.9  330.0
 wbarley 1998  1 30  30    -1.1    1.1    2.1    0.3    0.0 -999.9 -999.9  330.0
 wbarley 1998  1 31  31    -3.1    3.1    4.8    0.3    0.2 -999.9 -999.9  330.0
 wbarley 1998  2  1  32    -6.4   -2.1    7.8    0.3    0.0 -999.9 -999.9  330.0
 wbarley 1998  2  2  33    -9.8   -0.3    9.3    0.3    0.0 -999.9 -999.9  330.0
 wbarley 1998  2  3  34    -3.8    2.7    5.9    0.3    0.0 -999.9 -999.9  330.0
 wbarley 1998  2  4  35    -7.8    3.5    9.2    0.3    0.2 -999.9 -999.9  330.0
 wbarley 1998  2  5  36    -4.4    1.9    1.7    0.3    0.1 -999.9 -999.9  330.0
 wbarley 1998  2  6  37     0.5    4.9    2.8    0.3    0.0 -999.9 -999.9  330.0
 wbarley 1998  2  7  38    -2.7    4.7    2.4    0.3    2.0 -999.9 -999.9  330.0
 wbarley 1998  2  8  39     0.5    7.1    4.1    0.3    0.0 -999.9 -999.9  330.0
 wbarley 1998  2  9  40    -2.0    8.3    8.7    0.3    0.0 -999.9 -999.9  330.0
 wbarley 1998  2 10  41    -1.1   10.9    8.7    0.3    0.0 -999.9 -999.9  330.0
 wbarley 1998  2 11  42    -1.1   13.0    8.3    0.5    0.0 -999.9 -999.9  330.0
 wbarley 1998  2 12  43     1.1   13.3    8.0    0.5    0.0 -999.9 -999.9  330.0
 wbarley 1998  2 13  44    -0.2   15.4    7.9    0.5    0.2 -999.9 -999.9  330.0
 wbarley 1998  2 14  45    -1.4   16.9    9.1    0.5    0.2 -999.9 -999.9  330.0
 wbarley 1998  2 15  46    -0.6   13.3    4.0    0.5    0.1 -999.9 -999.9  330.0
 wbarley 1998  2 16  47     3.3   10.9    3.5    0.5    0.0 -999.9 -999.9  330.0
 wbarley 1998  2 17  48     4.3    8.2    8.5    0.5    0.1 -999.9 -999.9  330.0
 wbarley 1998  2 18  49    -2.3   11.3   10.4    0.5    0.0 -999.9 -999.9  330.0
 wbarley 1998  2 19  50     0.9   10.1    3.0    0.5    0.2 -999.9 -999.9  330.0
 wbarley 1998  2 20  51     1.7   14.1    8.9    0.5    0.1 -999.9 -999.9  330.0
 wbarley 1998  2 21  52     4.3   13.0    4.7    0.9    1.2 -999.9 -999.9  330.0
 wbarley 1998  2 22  53     4.7    8.2    3.9    0.9    3.2 -999.9 -999.9  330.0
 wbarley 1998  2 23  54    -1.0    9.8   10.8    0.9    0.4 -999.9 -999.9  330.0
 wbarley 1998  2 24  55     5.5   11.4    5.3    0.9    0.1 -999.9 -999.9  330.0
 wbarley 1998  2 25  56     3.2   10.5    2.8    0.9    0.1 -999.9 -999.9  330.0
 wbarley 1998  2 26  57     5.7    8.6    3.0    0.9    0.2 -999.9 -999.9  330.0
 wbarley 1998  2 27  58     6.7    9.2    3.2    0.9    0.1 -999.9 -999.9  330.0
 wbarley 1998  2 28  59     5.1    7.8    6.7    0.9    1.0 -999.9 -999.9  330.0
 wbarley 1998  3  1  60     0.1    8.7    9.6    0.0    0.0 -999.9 -999.9  330.0
 wbarley 1998  3  2  61     5.3   10.7    6.2    1.9    0.1 -999.9 -999.9  330.0
 wbarley 1998  3  3  62     8.7   15.7    4.8    1.9    0.6 -999.9 -999.9  330.0
 wbarley 1998  3  4  63     8.4   16.3    5.4    1.9   10.9 -999.9 -999.9  330.0
 wbarley 1998  3  5  64     4.6    9.9   11.5    1.9    0.0 -999.9 -999.9  330.0
 wbarley 1998  3  6  65     5.6   10.0    1.8    1.9    2.8 -999.9 -999.9  330.0
 wbarley 1998  3  7  66     8.7   13.5    7.8    1.9    7.5 -999.9 -999.9  330.0
 wbarley 1998  3  8  67     7.0    9.3    7.7    1.9    3.1 -999.9 -999.9  330.0
 wbarley 1998  3  9  68    -1.6    6.5   13.6    1.9    0.0 -999.9 -999.9  330.0
 wbarley 1998  3 10  69    -2.7    7.7   13.7    1.9    2.9 -999.9 -999.9  330.0
 wbarley 1998  3 11  70     1.5    5.9    2.2    1.2    2.6 -999.9 -999.9  330.0
 wbarley 1998  3 12  71     1.7    6.3    7.7    1.2    0.1 -999.9 -999.9  330.0
 wbarley 1998  3 13  72    -2.0    6.4    9.3    1.2    0.6 -999.9 -999.9  330.0
 wbarley 1998  3 14  73     5.0    9.5    5.6    1.2    0.1 -999.9 -999.9  330.0
 wbarley 1998  3 15  74     6.1    8.7    3.2    1.2    0.0 -999.9 -999.9  330.0
 wbarley 1998  3 16  75     7.0    9.7    4.4    1.2    0.1 -999.9 -999.9  330.0
 wbarley 1998  3 17  76     6.6    9.1    4.0    1.2    0.0 -999.9 -999.9  330.0
 wbarley 1998  3 18  77     7.0   11.7    6.0    1.2    0.0 -999.9 -999.9  330.0
 wbarley 1998  3 19  78     2.9   11.6   15.4    1.2    0.0 -999.9 -999.9  330.0
 wbarley 1998  3 20  79    -0.4    9.3    6.8    1.2    0.0 -999.9 -999.9  330.0
 wbarley 1998  3 21  80     7.0   10.8   15.3    2.2    0.0 -999.9 -999.9  330.0
 wbarley 1998  3 22  81    -1.3   10.4   16.3    2.2    0.1 -999.9 -999.9  330.0
 wbarley 1998  3 23  82     4.1    8.7    6.9    2.2    1.0 -999.9 -999.9  330.0
 wbarley 1998  3 24  83    -3.7    8.7   18.5    2.2    0.0 -999.9 -999.9  330.0
 wbarley 1998  3 25  84    -3.5   10.6   15.5    2.2    0.0 -999.9 -999.9  330.0
 wbarley 1998  3 26  85     0.0   10.9   10.0    2.2    1.9 -999.9 -999.9  330.0
 wbarley 1998  3 27  86     6.7   10.8    5.1    2.2    0.3 -999.9 -999.9  330.0
 wbarley 1998  3 28  87     5.0   17.9   13.7    2.2    0.0 -999.9 -999.9  330.0
 wbarley 1998  3 29  88     8.5   21.2   15.4    2.2    0.0 -999.9 -999.9  330.0
 wbarley 1998  3 30  89     6.9   18.4   14.1    2.2    0.0 -999.9 -999.9  330.0
 wbarley 1998  3 31  90    11.4   20.1   11.4    2.2    0.0 -999.9 -999.9  330.0
 wbarley 1998  4  1  91     9.2   16.2    8.1    1.7    0.0 -999.9 -999.9  330.0
 wbarley 1998  4  2  92    10.2   13.3    6.9    1.7    9.8 -999.9 -999.9  330.0
 wbarley 1998  4  3  93     9.6   11.7    4.1    1.7    9.9 -999.9 -999.9  330.0
 wbarley 1998  4  4  94     7.8   13.5    5.4    1.7    2.4 -999.9 -999.9  330.0
 wbarley 1998  4  5  95     6.9   12.2    7.1    1.7    3.0 -999.9 -999.9  330.0
 wbarley 1998  4  6  96     7.6   10.0   10.2    1.7    2.4 -999.9 -999.9  330.0
 wbarley 1998  4  7  97     4.4    7.4    2.9    1.7   23.4 -999.9 -999.9  330.0
 wbarley 1998  4  8  98     3.3   11.0   13.7    1.7    6.1 -999.9 -999.9  330.0
 wbarley 1998  4  9  99     5.2   10.9   11.4    1.7    1.9 -999.9 -999.9  330.0
 wbarley 1998  4 10 100     5.0   10.7   11.9    1.7    5.2 -999.9 -999.9  330.0
 wbarley 1998  4 11 101     4.8   10.3    8.3    1.9    3.5 -999.9 -999.9  330.0
 wbarley 1998  4 12 102     3.4    6.8   12.7    1.9    2.3 -999.9 -999.9  330.0
 wbarley 1998  4 13 103    -1.6    7.3   16.4    1.9    0.3 -999.9 -999.9  330.0
 wbarley 1998  4 14 104     0.0    7.9   15.3    1.9    2.9 -999.9 -999.9  330.0
 wbarley 1998  4 15 105     4.4    8.7    5.6    1.9    6.4 -999.9 -999.9  330.0
 wbarley 1998  4 16 106     2.5    9.0   15.6    1.9    2.6 -999.9 -999.9  330.0
 wbarley 1998  4 17 107     5.6    6.9    5.2    1.9   16.4 -999.9 -999.9  330.0
 wbarley 1998  4 18 108     4.9    8.0    5.5    1.9    1.3 -999.9 -999.9  330.0
 wbarley 1998  4 19 109     0.9   11.7   16.8    1.9    3.7 -999.9 -999.9  330.0
 wbarley 1998  4 20 110     8.5   12.9    4.5    1.9    2.3 -999.9 -999.9  330.0
 wbarley 1998  4 21 111     5.9   15.2   14.0    2.7    0.0 -999.9 -999.9  330.0
 wbarley 1998  4 22 112     7.7   21.6   23.5    2.7    0.0 -999.9 -999.9  330.0
 wbarley 1998  4 23 113    10.1   18.4   20.1    2.7    1.2 -999.9 -999.9  330.0
 wbarley 1998  4 24 114     8.6   14.7   12.1    2.7    1.3 -999.9 -999.9  330.0
 wbarley 1998  4 25 115    12.7   14.1    4.1    2.7    4.6 -999.9 -999.9  330.0
 wbarley 1998  4 26 116     9.6   13.5    6.5    2.7    2.1 -999.9 -999.9  330.0
 wbarley 1998  4 27 117     8.9   10.3    7.2    2.7    5.2 -999.9 -999.9  330.0
 wbarley 1998  4 28 118     4.4   12.7   15.4    2.7    7.6 -999.9 -999.9  330.0
 wbarley 1998  4 29 119     4.3   16.7   23.0    2.7    0.0 -999.9 -999.9  330.0
 wbarley 1998  4 30 120     7.8   15.7   20.8    2.7    0.0 -999.9 -999.9  330.0
 wbarley 1998  5  1 121     9.5   12.2    4.4    3.0    0.1 -999.9 -999.9  330.0
 wbarley 1998  5  2 122     8.7   10.0    3.4    3.0    6.0 -999.9 -999.9  330.0
 wbarley 1998  5  3 123     7.2   11.3    9.7    3.0    0.0 -999.9 -999.9  330.0
 wbarley 1998  5  4 124     6.0   11.6   21.5    3.0    0.0 -999.9 -999.9  330.0
 wbarley 1998  5  5 125     2.2   14.7   10.0    3.0    0.1 -999.9 -999.9  330.0
 wbarley 1998  5  6 126     9.0   13.2    8.2    3.0    0.6 -999.9 -999.9  330.0
 wbarley 1998  5  7 127    11.0   15.6   13.9    3.0    0.0 -999.9 -999.9  330.0
 wbarley 1998  5  8 128     5.5   24.0   23.2    3.0    0.0 -999.9 -999.9  330.0
 wbarley 1998  5  9 129    11.2   25.5   23.5    3.0    0.0 -999.9 -999.9  330.0
 wbarley 1998  5 10 130    10.8   27.7   25.9    3.0    0.0 -999.9 -999.9  330.0
 wbarley 1998  5 11 131    11.4   28.8   26.0    4.7    0.0 -999.9 -999.9  330.0
 wbarley 1998  5 12 132    11.8   29.4   25.7    4.7    0.0 -999.9 -999.9  330.0
 wbarley 1998  5 13 133    13.4   29.8   25.2    4.7    0.0 -999.9 -999.9  330.0
 wbarley 1998  5 14 134    13.2   27.0   21.2    4.7    0.0 -999.9 -999.9  330.0
 wbarley 1998  5 15 135    13.1   25.7   27.4    4.7    0.0 -999.9 -999.9  330.0
 wbarley 1998  5 16 136     9.3   23.0   27.4    4.7    0.0 -999.9 -999.9  330.0
 wbarley 1998  5 17 137     7.8   22.7   27.0    4.7    0.0 -999.9 -999.9  330.0
 wbarley 1998  5 18 138     8.8   23.4   24.6    4.7    0.0 -999.9 -999.9  330.0
 wbarley 1998  5 19 139     8.6   24.2   23.2    4.7    0.0 -999.9 -999.9  330.0
 wbarley 1998  5 20 140     7.7   22.3   26.7    4.7    0.1 -999.9 -999.9  330.0
 wbarley 1998  5 21 141     8.5   18.9   16.9    3.4    0.1 -999.9 -999.9  330.0
 wbarley 1998  5 22 142     5.1   13.6   16.8    3.4    0.0 -999.9 -999.9  330.0
 wbarley 1998  5 23 143     2.8   16.5   25.4    3.4    0.4 -999.9 -999.9  330.0
 wbarley 1998  5 24 144    11.0   16.2   12.4    3.4    4.0 -999.9 -999.9  330.0
 wbarley 1998  5 25 145    11.5   18.0   14.2    3.4    0.0 -999.9 -999.9  330.0
 wbarley 1998  5 26 146     7.6   17.9   15.1    3.4    1.1 -999.9 -999.9  330.0
 wbarley 1998  5 27 147    11.1   17.5   18.9    3.4    0.3 -999.9 -999.9  330.0
 wbarley 1998  5 28 148     8.9   15.7    9.9    3.4    6.1 -999.9 -999.9  330.0
 wbarley 1998  5 29 149    10.3   19.8   26.4    3.4    0.1 -999.9 -999.9  330.0
 wbarley 1998  5 30 150     8.0   23.5   24.7    3.4    0.0 -999.9 -999.9  330.0
 wbarley 1998  5 31 151    13.2   17.1   15.2    3.4    0.6 -999.9 -999.9  330.0
 wbarley 1998  6  1 152     7.9   21.7   25.4    4.4    7.0 -999.9 -999.9  330.0
 wbarley 1998  6  2 153    14.9   21.2   17.6    4.4    0.1 -999.9 -999.9  330.0
 wbarley 1998  6  3 154    10.2   20.3   23.8    4.4    0.2 -999.9 -999.9  330.0
 wbarley 1998  6  4 155     9.5   20.3   20.3    4.4    0.8 -999.9 -999.9  330.0
 wbarley 1998  6  5 156    10.2   26.1   19.9    4.4    7.6 -999.9 -999.9  330.0
 wbarley 1998  6  6 157    16.3   27.5   19.9    4.4    3.4 -999.9 -999.9  330.0
 wbarley 1998  6  7 158    14.4   18.8   13.4    4.4    3.2 -999.9 -999.9  330.0
 wbarley 1998  6  8 159    10.4   19.1   24.0    4.4    1.0 -999.9 -999.9  330.0
 wbarley 1998  6  9 160    14.0   23.2   14.9    4.4    2.2 -999.9 -999.9  330.0
 wbarley 1998  6 10 161    14.0   18.8   22.2    4.4    4.4 -999.9 -999.9  330.0
 wbarley 1998  6 11 162    11.7   13.5   10.3    3.7    5.8 -999.9 -999.9  330.0
 wbarley 1998  6 12 163     8.5   14.2   20.3    3.7    0.3 -999.9 -999.9  330.0
 wbarley 1998  6 13 164     4.2   17.0   14.9    3.7    5.4 -999.9 -999.9  330.0
 wbarley 1998  6 14 165    10.8   17.1   16.2    3.7   15.0 -999.9 -999.9  330.0
 wbarley 1998  6 15 166    11.7   17.4   18.6    3.7   12.0 -999.9 -999.9  330.0
 wbarley 1998  6 16 167     8.8   17.0   10.6    3.7    6.5 -999.9 -999.9  330.0
 wbarley 1998  6 17 168     8.9   18.3   17.7    3.7    2.5 -999.9 -999.9  330.0
 wbarley 1998  6 18 169     9.8   21.9   20.7    3.7    0.0 -999.9 -999.9  330.0
 wbarley 1998  6 19 170    12.4   24.9   27.3    3.7    0.1 -999.9 -999.9  330.0
 wbarley 1998  6 20 171    12.5   28.1   27.5    3.7    0.0 -999.9 -999.9  330.0
 wbarley 1998  6 21 172    15.8   28.7   23.4    4.2    0.1 -999.9 -999.9  330.0
 wbarley 1998  6 22 173    10.5   20.0   23.4    4.2    0.2 -999.9 -999.9  330.0
 wbarley 1998  6 23 174     8.0   21.3   21.8    4.2    0.1 -999.9 -999.9  330.0
 wbarley 1998  6 24 175    10.0   25.7   27.8    4.2    0.6 -999.9 -999.9  330.0
 wbarley 1998  6 25 176    15.2   20.8   14.1    4.2    1.5 -999.9 -999.9  330.0
 wbarley 1998  6 26 177    11.0   21.8   23.1    4.2    0.0 -999.9 -999.9  330.0
 wbarley 1998  6 27 178    12.9   19.8   15.8    4.2    3.7 -999.9 -999.9  330.0
 wbarley 1998  6 28 179    10.8   18.4   18.3    4.2    0.2 -999.9 -999.9  330.0
 wbarley 1998  6 29 180    13.3   19.2   18.5    4.2    0.1 -999.9 -999.9  330.0
 wbarley 1998  6 30 181     9.0   16.8   12.0    4.2    3.2 -999.9 -999.9  330.0
 wbarley 1998  7  1 182    10.2   18.6   20.9    3.3    0.1 -999.9 -999.9  330.0
 wbarley 1998  7  2 183     9.4   19.2   18.9    3.3    0.0 -999.9 -999.9  330.0
 wbarley 1998  7  3 184    10.2   18.2   19.8    3.3    0.1 -999.9 -999.9  330.0
 wbarley 1998  7  4 185     7.2   21.3   20.8    3.3    0.0 -999.9 -999.9  330.0
 wbarley 1998  7  5 186    10.7   18.0    9.7    3.3    0.0 -999.9 -999.9  330.0
 wbarley 1998  7  6 187    14.6   16.6    5.7    3.3    2.0 -999.9 -999.9  330.0
 wbarley 1998  7  7 188    12.1   18.4   13.8    3.3    2.0 -999.9 -999.9  330.0
 wbarley 1998  7  8 189     9.9   20.0   24.4    3.3    0.0 -999.9 -999.9  330.0
 wbarley 1998  7  9 190    10.9   16.1    6.5    3.3    0.3 -999.9 -999.9  330.0
 wbarley 1998  7 10 191    14.8   18.7   11.3    3.3    1.1 -999.9 -999.9  330.0
 wbarley 1998  7 11 192    14.6   20.2   15.0    3.7    3.2 -999.9 -999.9  330.0
 wbarley 1998  7 12 193    14.8   25.2   17.3    3.7    3.4 -999.9 -999.9  330.0
 wbarley 1998  7 13 194    13.6   19.4   11.6    3.7    3.5 -999.9 -999.9  330.0
 wbarley 1998  7 14 195     9.7   20.3   19.5    3.7    0.0 -999.9 -999.9  330.0
 wbarley 1998  7 15 196     9.0   18.7   13.7    3.7    2.6 -999.9 -999.9  330.0
 wbarley 1998  7 16 197    12.6   15.9    6.6    3.7    8.9 -999.9 -999.9  330.0
 wbarley 1998  7 17 198    15.0   19.6   11.5    3.7    3.0 -999.9 -999.9  330.0
 wbarley 1998  7 18 199    11.1   19.9   16.3    3.7    0.3 -999.9 -999.9  330.0
 wbarley 1998  7 19 200     8.7   25.1   26.1    3.7    0.0 -999.9 -999.9  330.0
 wbarley 1998  7 20 201    15.0   31.0   19.3    3.7    0.3 -999.9 -999.9  330.0
 wbarley 1998  7 21 202    17.0   22.9   13.3    4.0    7.5 -999.9 -999.9  330.0
 wbarley 1998  7 22 203     8.2   24.9   25.3    4.0    0.6 -999.9 -999.9  330.0
 wbarley 1998  7 23 204    14.7   21.8   11.9    4.0    0.5 -999.9 -999.9  330.0
 wbarley 1998  7 24 205    10.6   22.3   23.3    4.0    0.1 -999.9 -999.9  330.0
 wbarley 1998  7 25 206     8.7   22.4   25.7    4.0    0.0 -999.9 -999.9  330.0
 wbarley 1998  7 26 207     7.8   24.6   20.8    4.0    0.1 -999.9 -999.9  330.0
 wbarley 1998  7 27 208     8.7   22.3   13.5    4.0    0.0 -999.9 -999.9  330.0
 wbarley 1998  7 28 209    12.5   18.6   10.3    4.0    0.5 -999.9 -999.9  330.0
 wbarley 1998  7 29 210    15.0   19.2    8.4    4.0    1.2 -999.9 -999.9  330.0
 wbarley 1998  7 30 211    13.5   22.5   21.6    4.0    0.0 -999.9 -999.9  330.0
 wbarley 1998  7 31 212    10.4   23.4   22.3    4.0    0.1 -999.9 -999.9  330.0
 wbarley 1998  8  1 213    13.4   20.5   12.1    3.9    0.9 -999.9 -999.9  330.0
 wbarley 1998  8  2 214    12.4   20.6   13.6    3.9    3.6 -999.9 -999.9  330.0
 wbarley 1998  8  3 215     9.5   23.5   23.2    3.9    0.3 -999.9 -999.9  330.0
 wbarley 1998  8  4 216    15.3   23.3   15.9    3.9    0.6 -999.9 -999.9  330.0
 wbarley 1998  8  5 217     8.1   25.8   25.7    3.9    0.1 -999.9 -999.9  330.0
 wbarley 1998  8  6 218     9.4   26.6   25.7    3.9    0.0 -999.9 -999.9  330.0
 wbarley 1998  8  7 219     9.0   29.8   25.0    3.9    0.0 -999.9 -999.9  330.0
 wbarley 1998  8  8 220    12.5   32.8   24.6    3.9    0.0 -999.9 -999.9  330.0
 wbarley 1998  8  9 221    14.2   32.5   23.8    3.9    0.0 -999.9 -999.9  330.0
 wbarley 1998  8 10 222    16.8   35.3   23.2    3.9    0.0 -999.9 -999.9  330.0
 wbarley 1998  8 11 223    13.7   35.5   21.1    3.9    0.0 -999.9 -999.9  330.0
 wbarley 1998  8 12 224    16.9   26.3   14.8    3.9    0.0 -999.9 -999.9  330.0
 wbarley 1998  8 13 225    10.8   22.3   20.5    3.9    0.1 -999.9 -999.9  330.0
 wbarley 1998  8 14 226     9.5   25.0   22.9    3.9    0.0 -999.9 -999.9  330.0
 wbarley 1998  8 15 227    11.2   27.5   22.6    3.9    0.0 -999.9 -999.9  330.0
 wbarley 1998  8 16 228    12.6   26.3   21.8    3.9    0.0 -999.9 -999.9  330.0
 wbarley 1998  8 17 229     7.4   27.1   23.8    3.9    0.0 -999.9 -999.9  330.0
 wbarley 1998  8 18 230    11.5   25.3   13.1    3.9    0.0 -999.9 -999.9  330.0
 wbarley 1998  8 19 231    11.0   23.4   22.4    3.9    0.1 -999.9 -999.9  330.0
 wbarley 1998  8 20 232     7.3   25.0   20.5    3.9    2.7 -999.9 -999.9  330.0
 wbarley 1998  8 21 233    12.8   18.8    5.6    2.7    2.3 -999.9 -999.9  330.0
 wbarley 1998  8 22 234    12.7   15.4    6.0    2.7    3.0 -999.9 -999.9  330.0
 wbarley 1998  8 23 235     8.8   18.3   10.9    2.7    6.2 -999.9 -999.9  330.0
 wbarley 1998  8 24 236    14.6   19.9   14.1    2.7    0.1 -999.9 -999.9  330.0
 wbarley 1998  8 25 237     7.3   20.7   17.6    2.7    0.1 -999.9 -999.9  330.0
 wbarley 1998  8 26 238     9.0   20.2   12.3    2.7    0.1 -999.9 -999.9  330.0
 wbarley 1998  8 27 239    10.0   15.9   11.8    2.7    0.1 -999.9 -999.9  330.0
 wbarley 1998  8 28 240     6.1   17.5   15.3    2.7    0.0 -999.9 -999.9  330.0
 wbarley 1998  8 29 241     8.7   19.3   12.8    2.7    0.0 -999.9 -999.9  330.0
 wbarley 1998  8 30 242    12.1   18.3    7.8    2.7    0.1 -999.9 -999.9  330.0
 wbarley 1998  8 31 243     7.2   22.1   20.0    2.7    0.0 -999.9 -999.9  330.0
 wbarley 1998  9  1 244     6.3   19.9   18.3    2.4    0.0 -999.9 -999.9  330.0
 wbarley 1998  9  2 245     6.0   20.4   16.8    2.4    0.0 -999.9 -999.9  330.0
 wbarley 1998  9  3 246    11.2   19.0    9.9    2.4    1.5 -999.9 -999.9  330.0
 wbarley 1998  9  4 247     6.7   18.0   11.2    2.4    0.0 -999.9 -999.9  330.0
 wbarley 1998  9  5 248     7.0   17.3   12.8    2.4    0.0 -999.9 -999.9  330.0
 wbarley 1998  9  6 249     0.4   19.8   17.4    2.4    0.0 -999.9 -999.9  330.0
 wbarley 1998  9  7 250     8.1   22.9   12.5    2.4    4.0 -999.9 -999.9  330.0
 wbarley 1998  9  8 251    16.0   21.9   13.0    2.4    8.0 -999.9 -999.9  330.0
 wbarley 1998  9  9 252    14.3   19.1    8.2    2.4    0.0 -999.9 -999.9  330.0
 wbarley 1998  9 10 253    14.4   17.9    8.8    2.4    0.5 -999.9 -999.9  330.0
 wbarley 1998  9 11 254    12.1   14.3    5.1    1.9    5.0 -999.9 -999.9  330.0
 wbarley 1998  9 12 255     9.9   15.0    4.7    1.9    4.0 -999.9 -999.9  330.0
 wbarley 1998  9 13 256    11.8   16.7    9.6    1.9    3.5 -999.9 -999.9  330.0
 wbarley 1998  9 14 257    12.4   14.8    3.3    1.9   12.0 -999.9 -999.9  330.0
 wbarley 1998  9 15 258    11.1   15.9    6.0    1.9    4.5 -999.9 -999.9  330.0
 wbarley 1998  9 16 259    11.1   14.2    6.4    1.9    0.5 -999.9 -999.9  330.0
 wbarley 1998  9 17 260     6.3   17.0   11.9    1.9    0.5 -999.9 -999.9  330.0
 wbarley 1998  9 18 261     5.2   16.7   16.2    1.9    0.0 -999.9 -999.9  330.0
 wbarley 1998  9 19 262     4.8   21.6   16.7    1.9    0.0 -999.9 -999.9  330.0
 wbarley 1998  9 20 263     9.4   25.1   14.5    1.9    0.0 -999.9 -999.9  330.0
 wbarley 1998  9 21 264    16.3   19.8    5.9    1.4    7.1 -999.9 -999.9  330.0
 wbarley 1998  9 22 265    14.1   16.3    4.6    1.4    7.7 -999.9 -999.9  330.0
 wbarley 1998  9 23 266    12.3   14.7    7.6    1.4    0.1 -999.9 -999.9  330.0
 wbarley 1998  9 24 267    10.6   14.4    4.3    1.4    6.8 -999.9 -999.9  330.0
 wbarley 1998  9 25 268    10.2   11.8    2.3    1.4   10.7 -999.9 -999.9  330.0
 wbarley 1998  9 26 269     9.9   14.3    9.7    1.4    0.4 -999.9 -999.9  330.0
 wbarley 1998  9 27 270     8.1   12.5    6.9    1.4    0.3 -999.9 -999.9  330.0
 wbarley 1998  9 28 271     7.9   11.4    4.1    1.4    4.3 -999.9 -999.9  330.0
 wbarley 1998  9 29 272     9.1   15.3   11.7    1.4    0.6 -999.9 -999.9  330.0
 wbarley 1998  9 30 273    10.0   14.9   12.2    1.4    2.8 -999.9 -999.9  330.0
 wbarley 1998 10  1 274    10.5   14.5    3.0    1.4   11.1 -999.9 -999.9  330.0
 wbarley 1998 10  2 275     9.2   14.6    6.8    1.4    2.1 -999.9 -999.9  330.0
 wbarley 1998 10  3 276     6.6   15.2    7.6    1.4    4.9 -999.9 -999.9  330.0
 wbarley 1998 10  4 277    10.7   16.8    9.8    1.4   30.0 -999.9 -999.9  330.0
 wbarley 1998 10  5 278    12.5   16.6    4.2    1.4   17.3 -999.9 -999.9  330.0
 wbarley 1998 10  6 279    11.6   15.7    9.7    1.4    2.4 -999.9 -999.9  330.0
 wbarley 1998 10  7 280    11.4   16.5    8.2    1.4    0.2 -999.9 -999.9  330.0
 wbarley 1998 10  8 281     7.7   14.4    5.0    1.4    0.8 -999.9 -999.9  330.0
 wbarley 1998 10  9 282     8.1   13.6    7.5    1.4    0.4 -999.9 -999.9  330.0
 wbarley 1998 10 10 283     5.9   17.2   10.9    1.4    0.3 -999.9 -999.9  330.0
 wbarley 1998 10 11 284    13.1   17.5    6.5    1.0    4.7 -999.9 -999.9  330.0
 wbarley 1998 10 12 285    13.8   15.4    6.2    1.0    1.9 -999.9 -999.9  330.0
 wbarley 1998 10 13 286    12.0   16.4    5.9    1.0   15.2 -999.9 -999.9  330.0
 wbarley 1998 10 14 287     8.9   12.4    2.8    1.0   13.5 -999.9 -999.9  330.0
 wbarley 1998 10 15 288     6.8   10.3    8.8    1.0    2.5 -999.9 -999.9  330.0
 wbarley 1998 10 16 289     6.3    9.2    5.3    1.0    0.0 -999.9 -999.9  330.0
 wbarley 1998 10 17 290     5.4    8.8    5.9    1.0    0.1 -999.9 -999.9  330.0
 wbarley 1998 10 18 291     3.2    9.3    6.3    1.0    0.0 -999.9 -999.9  330.0
 wbarley 1998 10 19 292     6.2    7.4    3.7    1.0    0.0 -999.9 -999.9  330.0
 wbarley 1998 10 20 293     6.0    7.0    2.1    1.0    1.8 -999.9 -999.9  330.0
 wbarley 1998 10 21 294     2.9    8.0    5.0    0.7    1.5 -999.9 -999.9  330.0
 wbarley 1998 10 22 295     5.2    7.4    3.6    0.7    2.5 -999.9 -999.9  330.0
 wbarley 1998 10 23 296     5.3    5.9    0.6    0.7    5.0 -999.9 -999.9  330.0
 wbarley 1998 10 24 297     4.9    5.6    1.3    0.7    0.0 -999.9 -999.9  330.0
 wbarley 1998 10 25 298    -0.1    8.5    4.2    0.7    0.0 -999.9 -999.9  330.0
 wbarley 1998 10 26 299     7.2    8.6    1.9    0.7    0.0 -999.9 -999.9  330.0
 wbarley 1998 10 27 300     6.6    9.0    4.0    0.7    0.0 -999.9 -999.9  330.0
 wbarley 1998 10 28 301    -0.2   10.2    9.2    0.7    0.0 -999.9 -999.9  330.0
 wbarley 1998 10 29 302    -1.5    8.6    8.6    0.7    0.0 -999.9 -999.9  330.0
 wbarley 1998 10 30 303     1.1    5.5    1.8    0.7    0.0 -999.9 -999.9  330.0
 wbarley 1998 10 31 304     4.4    4.9    1.9    0.7    0.0 -999.9 -999.9  330.0
 wbarley 1998 11  1 305     2.4    3.1    2.7    0.4    0.0 -999.9 -999.9  330.0
 wbarley 1998 11  2 306     0.5    9.0    4.5    0.4    0.0 -999.9 -999.9  330.0
 wbarley 1998 11  3 307     7.5   17.2    7.6    0.4    0.0 -999.9 -999.9  330.0
 wbarley 1998 11  4 308     4.8   14.2    4.4    0.4    0.0 -999.9 -999.9  330.0
 wbarley 1998 11  5 309     3.4    4.9    1.8    0.4    0.0 -999.9 -999.9  330.0
 wbarley 1998 11  6 310     3.6    5.8    1.2    0.4    0.0 -999.9 -999.9  330.0
 wbarley 1998 11  7 311     5.4    5.9    1.0    0.4    1.5 -999.9 -999.9  330.0
 wbarley 1998 11  8 312     5.1    6.6    1.1    0.4    0.0 -999.9 -999.9  330.0
 wbarley 1998 11  9 313     5.2    8.2    3.8    0.4    1.0 -999.9 -999.9  330.0
 wbarley 1998 11 10 314     7.7    8.2    1.3    0.4   16.5 -999.9 -999.9  330.0
 wbarley 1998 11 11 315     4.4    9.8    6.2    0.2    0.5 -999.9 -999.9  330.0
 wbarley 1998 11 12 316     1.4    9.1    3.7    0.2    0.5 -999.9 -999.9  330.0
 wbarley 1998 11 13 317     4.4   11.8    2.4    0.2   10.0 -999.9 -999.9  330.0
 wbarley 1998 11 14 318     5.7   11.9    2.1    0.2    5.5 -999.9 -999.9  330.0
 wbarley 1998 11 15 319     5.1    8.0    2.9    0.2    0.0 -999.9 -999.9  330.0
 wbarley 1998 11 16 320    -0.5    4.9    6.2    0.2    0.0 -999.9 -999.9  330.0
 wbarley 1998 11 17 321    -2.8    3.1    6.1    0.2    0.0 -999.9 -999.9  330.0
 wbarley 1998 11 18 322    -3.9    2.4    6.5    0.2    0.0 -999.9 -999.9  330.0
 wbarley 1998 11 19 323    -5.3    2.5    6.3    0.2    0.0 -999.9 -999.9  330.0
 wbarley 1998 11 20 324    -7.0    1.3    6.2    0.2    0.0 -999.9 -999.9  330.0
 wbarley 1998 11 21 325    -5.1   -2.4    3.5    0.1    0.0 -999.9 -999.9  330.0
 wbarley 1998 11 22 326    -3.5   -1.6    2.3    0.1    0.0 -999.9 -999.9  330.0
 wbarley 1998 11 23 327    -4.1    0.2    3.0    0.1    0.0 -999.9 -999.9  330.0
 wbarley 1998 11 24 328    -6.4   -0.3    6.1    0.1    0.0 -999.9 -999.9  330.0
 wbarley 1998 11 25 329    -3.6   -0.3    3.3    0.1    0.0 -999.9 -999.9  330.0
 wbarley 1998 11 26 330    -3.9    5.0    6.2    0.1    0.0 -999.9 -999.9  330.0
 wbarley 1998 11 27 331    -3.7   -1.4    0.7    0.1    0.0 -999.9 -999.9  330.0
 wbarley 1998 11 28 332    -4.6   -3.4    1.7    0.1    0.0 -999.9 -999.9  330.0
 wbarley 1998 11 29 333    -8.4    0.5    6.0    0.1    0.3 -999.9 -999.9  330.0
 wbarley 1998 11 30 334    -3.5   -1.9    0.8    0.1    6.5 -999.9 -999.9  330.0
 wbarley 1998 12  1 335    -1.7    3.4    2.2    0.5    0.8 -999.9 -999.9  330.0
 wbarley 1998 12  2 336     0.8    7.8    1.4    0.5    0.9 -999.9 -999.9  330.0
 wbarley 1998 12  3 337     8.0    8.5    0.9    0.5    0.0 -999.9 -999.9  330.0
 wbarley 1998 12  4 338     7.8   10.4    0.8    0.5    0.5 -999.9 -999.9  330.0
 wbarley 1998 12  5 339     1.3    7.4    3.0    0.5    0.3 -999.9 -999.9  330.0
 wbarley 1998 12  6 340     3.3    7.8    3.0    0.5    0.2 -999.9 -999.9  330.0
 wbarley 1998 12  7 341     5.3    6.3    0.7    0.5    8.0 -999.9 -999.9  330.0
 wbarley 1998 12  8 342     4.1   11.2    0.7    0.5    6.5 -999.9 -999.9  330.0
 wbarley 1998 12  9 343     6.6    8.7    2.3    0.5    0.3 -999.9 -999.9  330.0
 wbarley 1998 12 10 344     6.4    8.6    1.2    0.3   22.9 -999.9 -999.9  330.0
 wbarley 1998 12 11 345     2.1    3.6    2.5    0.3    3.0 -999.9 -999.9  330.0
 wbarley 1998 12 12 346     1.6    9.1    1.7    0.3   23.4 -999.9 -999.9  330.0
 wbarley 1998 12 13 347     5.7   11.1    2.2    0.3    0.9 -999.9 -999.9  330.0
 wbarley 1998 12 14 348     0.1    2.8    1.0    0.3    2.8 -999.9 -999.9  330.0
 wbarley 1998 12 15 349    -0.1    4.2    0.8    0.3    4.4 -999.9 -999.9  330.0
 wbarley 1998 12 16 350     3.7    5.3    1.5    0.3    8.6 -999.9 -999.9  330.0
 wbarley 1998 12 17 351     3.7    9.0    0.9    0.3   10.7 -999.9 -999.9  330.0
 wbarley 1998 12 18 352     8.6   10.6    1.2    0.3    4.0 -999.9 -999.9  330.0
 wbarley 1998 12 19 353    10.6   13.4    0.5    0.3   20.0 -999.9 -999.9  330.0
 wbarley 1998 12 20 354     5.7   11.8    0.6    0.3   23.5 -999.9 -999.9  330.0
 wbarley 1998 12 21 355     3.0    7.5    1.1    0.3    5.4 -999.9 -999.9  330.0
 wbarley 1998 12 22 356     1.3    6.7    0.8    0.3    4.7 -999.9 -999.9  330.0
 wbarley 1998 12 23 357     2.1    5.8    2.0    0.3    6.7 -999.9 -999.9  330.0
 wbarley 1998 12 24 358     1.4    3.6    1.1    0.3    5.0 -999.9 -999.9  330.0
 wbarley 1998 12 25 359     0.3    1.9    1.3    0.3    2.1 -999.9 -999.9  330.0
 wbarley 1998 12 26 360    -0.5    3.0    3.7    0.3    2.4 -999.9 -999.9  330.0
 wbarley 1998 12 27 361     2.4    2.9    1.2    0.3    2.7 -999.9 -999.9  330.0
 wbarley 1998 12 28 362     0.2    3.3    1.8    0.3    5.1 -999.9 -999.9  330.0
 wbarley 1998 12 29 363     0.7    7.7    0.8    0.3    4.6 -999.9 -999.9  330.0
 wbarley 1998 12 30 364     7.1   10.5    1.2    0.3   10.9 -999.9 -999.9  330.0
 wbarley 1998 12 31 365     6.2    8.8    1.1    0.3    2.0 -999.9 -999.9  330.0
