radish- 1992  1  1   1     0.5    1.2    0.6    0.0    0.0 -999.9 -999.9  330.0
radish- 1992  1  2   2    -2.1   -0.1    1.0    0.0    0.0 -999.9 -999.9  330.0
radish- 1992  1  3   3    -3.0    4.8    1.1    0.1    0.0 -999.9 -999.9  330.0
radish- 1992  1  4   4     2.4    8.7    1.1    0.0    0.5 -999.9 -999.9  330.0
radish- 1992  1  5   5     7.7   10.1    1.6    0.0    0.2 -999.9 -999.9  330.0
radish- 1992  1  6   6     4.8    6.9    1.6    0.0    0.0 -999.9 -999.9  330.0
radish- 1992  1  7   7     1.6    6.8    2.4    0.2    0.0 -999.9 -999.9  330.0
radish- 1992  1  8   8     1.5   11.7    3.2    0.0    0.9 -999.9 -999.9  330.0
radish- 1992  1  9   9     6.7   11.4    0.9    0.3    1.9 -999.9 -999.9  330.0
radish- 1992  1 10  10     5.1    7.4    1.4    0.1    1.3 -999.9 -999.9  330.0
radish- 1992  1 11  11     4.6    6.3    1.3    0.1    0.3 -999.9 -999.9  330.0
radish- 1992  1 12  12    -2.4    5.7    4.4    0.0    0.0 -999.9 -999.9  330.0
radish- 1992  1 13  13     0.2    5.2    1.2    0.0    0.0 -999.9 -999.9  330.0
radish- 1992  1 14  14    -0.8    4.0    3.3    0.0    0.0 -999.9 -999.9  330.0
radish- 1992  1 15  15     3.1    6.4    0.9    0.1    0.0 -999.9 -999.9  330.0
radish- 1992  1 16  16     4.1    5.3    0.8    0.2    0.0 -999.9 -999.9  330.0
radish- 1992  1 17  17     2.9    6.9    2.2    0.3    0.0 -999.9 -999.9  330.0
radish- 1992  1 18  18    -0.1    6.1    3.4    0.1    0.0 -999.9 -999.9  330.0
radish- 1992  1 19  19    -0.6    6.5    1.9    0.1    3.4 -999.9 -999.9  330.0
radish- 1992  1 20  20     3.5    7.2    1.0    0.2    0.0 -999.9 -999.9  330.0
radish- 1992  1 21  21    -3.6    0.7    5.9    0.7    0.0 -999.9 -999.9  330.0
radish- 1992  1 22  22    -5.5   -0.7    5.4    0.3    0.0 -999.9 -999.9  330.0
radish- 1992  1 23  23    -7.4    0.4    5.2    0.0    0.0 -999.9 -999.9  330.0
radish- 1992  1 24  24    -6.8    3.5    6.3    0.0    0.0 -999.9 -999.9  330.0
radish- 1992  1 25  25    -6.3    4.7    6.3    0.0    0.0 -999.9 -999.9  330.0
radish- 1992  1 26  26    -6.2    4.6    2.3    0.0    0.0 -999.9 -999.9  330.0
radish- 1992  1 27  27    -1.0    3.5    3.3    0.2    0.0 -999.9 -999.9  330.0
radish- 1992  1 28  28    -0.2    4.1    4.5    0.4    0.0 -999.9 -999.9  330.0
radish- 1992  1 29  29    -3.6    5.1    6.4    0.1    0.0 -999.9 -999.9  330.0
radish- 1992  1 30  30    -4.9   10.5    7.1    0.0    0.0 -999.9 -999.9  330.0
radish- 1992  1 31  31    -2.4   10.6    7.2    0.1    0.0 -999.9 -999.9  330.0
radish- 1992  2  1  32    -3.5    8.3    7.7    0.0    0.0 -999.9 -999.9  330.0
radish- 1992  2  2  33    -5.9    7.1    5.8    0.1    0.0 -999.9 -999.9  330.0
radish- 1992  2  3  34    -4.9    3.9    1.1    0.0    1.8 -999.9 -999.9  330.0
radish- 1992  2  4  35     1.4    8.8    1.5    0.0    2.8 -999.9 -999.9  330.0
radish- 1992  2  5  36     6.4    8.4    1.0    0.0    0.0 -999.9 -999.9  330.0
radish- 1992  2  6  37     3.3    7.9    2.4    0.2    0.0 -999.9 -999.9  330.0
radish- 1992  2  7  38    -1.5    6.2    5.1    0.1    0.0 -999.9 -999.9  330.0
radish- 1992  2  8  39    -3.0    8.4    8.1    0.0    0.0 -999.9 -999.9  330.0
radish- 1992  2  9  40    -0.4    9.9    4.5    0.0    2.6 -999.9 -999.9  330.0
radish- 1992  2 10  41     1.6    9.1    6.7    0.1    0.6 -999.9 -999.9  330.0
radish- 1992  2 11  42     5.4   10.2    1.2    0.1    4.6 -999.9 -999.9  330.0
radish- 1992  2 12  43     9.2   14.5    2.9    0.0    5.6 -999.9 -999.9  330.0
radish- 1992  2 13  44     6.3   13.8    5.5    0.0    0.0 -999.9 -999.9  330.0
radish- 1992  2 14  45     0.7    9.5    7.3    0.2    1.5 -999.9 -999.9  330.0
radish- 1992  2 15  46     6.7   10.8    1.7    0.2    1.1 -999.9 -999.9  330.0
radish- 1992  2 16  47     0.8    7.2    5.7    0.3    0.6 -999.9 -999.9  330.0
radish- 1992  2 17  48     0.0    4.5    7.2    0.4    0.0 -999.9 -999.9  330.0
radish- 1992  2 18  49    -6.9    1.6   10.4    0.6    0.0 -999.9 -999.9  330.0
radish- 1992  2 19  50    -5.6    2.9   10.0    0.1    0.0 -999.9 -999.9  330.0
radish- 1992  2 20  51    -4.2    4.0    5.9    0.3    0.0 -999.9 -999.9  330.0
radish- 1992  2 21  52    -3.0    5.6    9.9    0.4    0.0 -999.9 -999.9  330.0
radish- 1992  2 22  53    -5.6    5.1    7.7    0.2    0.0 -999.9 -999.9  330.0
radish- 1992  2 23  54    -0.2    6.6    4.8    0.3    0.0 -999.9 -999.9  330.0
radish- 1992  2 24  55     4.0    9.5    5.2    0.4    0.0 -999.9 -999.9  330.0
radish- 1992  2 25  56     1.9    8.8    4.9    0.4    0.0 -999.9 -999.9  330.0
radish- 1992  2 26  57     2.9   10.8    6.2    0.5    0.0 -999.9 -999.9  330.0
radish- 1992  2 27  58     1.2   11.9    6.2    0.5    0.0 -999.9 -999.9  330.0
radish- 1992  2 28  59    -1.0   15.5   11.1    0.7    0.0 -999.9 -999.9  330.0
radish- 1992  2 29  60     1.8   16.1   11.5    0.9    0.0 -999.9 -999.9  330.0
radish- 1992  3  1  61     2.1   15.9   12.1    1.2    2.3 -999.9 -999.9  330.0
radish- 1992  3  2  62     4.3   11.1   12.1    1.2    0.0 -999.9 -999.9  330.0
radish- 1992  3  3  63    -0.1   12.1    8.9    0.9    0.0 -999.9 -999.9  330.0
radish- 1992  3  4  64    -0.4   16.4   12.7    0.9    0.0 -999.9 -999.9  330.0
radish- 1992  3  5  65     1.3   13.7    6.1    0.5    3.1 -999.9 -999.9  330.0
radish- 1992  3  6  66     4.1   13.6   12.7    1.0    0.0 -999.9 -999.9  330.0
radish- 1992  3  7  67    -2.0   14.9   12.5    0.9    0.0 -999.9 -999.9  330.0
radish- 1992  3  8  68     2.6   13.2    8.8    0.8    0.0 -999.9 -999.9  330.0
radish- 1992  3  9  69     0.6   11.7    5.4    0.3    0.0 -999.9 -999.9  330.0
radish- 1992  3 10  70     0.6   13.6   11.5    1.0    0.0 -999.9 -999.9  330.0
radish- 1992  3 11  71    -0.3   10.2   10.1    0.9    0.0 -999.9 -999.9  330.0
radish- 1992  3 12  72     4.2    9.9    3.1    0.0    3.7 -999.9 -999.9  330.0
radish- 1992  3 13  73     8.8   11.1    3.1    0.4    7.6 -999.9 -999.9  330.0
radish- 1992  3 14  74     5.9    9.9    4.1    0.7    3.4 -999.9 -999.9  330.0
radish- 1992  3 15  75     7.3   12.1    4.1    0.7    3.4 -999.9 -999.9  330.0
radish- 1992  3 16  76     2.0   10.6   13.9    1.1    0.0 -999.9 -999.9  330.0
radish- 1992  3 17  77     7.5   13.5    8.2    1.1    0.0 -999.9 -999.9  330.0
radish- 1992  3 18  78    -0.4   17.1   15.7    1.4    0.1 -999.9 -999.9  330.0
radish- 1992  3 19  79     4.3   15.0    9.0    1.0    0.0 -999.9 -999.9  330.0
radish- 1992  3 20  80     5.5   17.9   12.5    1.5    0.0 -999.9 -999.9  330.0
radish- 1992  3 21  81     9.1   14.0   11.2    2.3    7.0 -999.9 -999.9  330.0
radish- 1992  3 22  82     4.9   12.4    1.9    0.1   17.7 -999.9 -999.9  330.0
radish- 1992  3 23  83     3.8    8.0    5.8    0.7    5.2 -999.9 -999.9  330.0
radish- 1992  3 24  84     1.8    6.5    3.8    0.4    2.8 -999.9 -999.9  330.0
radish- 1992  3 25  85     2.9    8.7    9.3    1.2    1.9 -999.9 -999.9  330.0
radish- 1992  3 26  86     3.2    5.1    4.2    0.5    4.7 -999.9 -999.9  330.0
radish- 1992  3 27  87     3.9   10.2    7.7    1.1    1.2 -999.9 -999.9  330.0
radish- 1992  3 28  88     2.8    8.0    7.7    1.0    0.6 -999.9 -999.9  330.0
radish- 1992  3 29  89     2.5    9.5    4.5    0.5    0.3 -999.9 -999.9  330.0
radish- 1992  3 30  90     2.4   13.8   13.4    1.5    4.1 -999.9 -999.9  330.0
radish- 1992  3 31  91     5.2   10.5    8.7    1.3    0.0 -999.9 -999.9  330.0
radish- 1992  4  1  92     0.5   11.5   13.3    1.3    1.7 -999.9 -999.9  330.0
radish- 1992  4  2  93     2.3   10.8    7.1    0.8    4.3 -999.9 -999.9  330.0
radish- 1992  4  3  94     1.4    9.8    8.0    0.9    0.0 -999.9 -999.9  330.0
radish- 1992  4  4  95     2.8   11.4   16.2    2.0    0.0 -999.9 -999.9  330.0
radish- 1992  4  5  96     0.5   10.4   17.3    1.8    0.0 -999.9 -999.9  330.0
radish- 1992  4  6  97    -0.5   11.9   14.8    1.5    0.0 -999.9 -999.9  330.0
radish- 1992  4  7  98     4.0   13.9   14.4    1.8    0.0 -999.9 -999.9  330.0
radish- 1992  4  8  99     5.4   16.3   18.8    2.9    0.0 -999.9 -999.9  330.0
radish- 1992  4  9 100     3.0   15.9   20.8    3.3    0.0 -999.9 -999.9  330.0
radish- 1992  4 10 101     4.1   17.8   20.9    3.3    0.0 -999.9 -999.9  330.0
radish- 1992  4 11 102     2.1   18.1   19.8    2.6    0.0 -999.9 -999.9  330.0
radish- 1992  4 12 103     3.0   16.7   14.7    2.1    0.0 -999.9 -999.9  330.0
radish- 1992  4 13 104     1.4   11.6   14.2    1.8    0.3 -999.9 -999.9  330.0
radish- 1992  4 14 105     2.2   17.5   19.7    3.2    4.4 -999.9 -999.9  330.0
radish- 1992  4 15 106     5.6   10.8    7.1    1.8    4.1 -999.9 -999.9  330.0
radish- 1992  4 16 107     2.7    8.5   11.4    1.7    0.4 -999.9 -999.9  330.0
radish- 1992  4 17 108    -0.1   10.8   10.9    1.3    7.0 -999.9 -999.9  330.0
radish- 1992  4 18 109     6.6   14.7    5.5    0.6    0.0 -999.9 -999.9  330.0
radish- 1992  4 19 110     8.7   14.7    9.1    1.3    0.0 -999.9 -999.9  330.0
radish- 1992  4 20 111     4.3   15.4   23.6    3.1    0.0 -999.9 -999.9  330.0
radish- 1992  4 21 112     3.4   20.8   23.0    3.2    0.0 -999.9 -999.9  330.0
radish- 1992  4 22 113     5.4   16.9   16.4    2.3    0.9 -999.9 -999.9  330.0
radish- 1992  4 23 114     9.2   12.1    6.5    1.0    0.7 -999.9 -999.9  330.0
radish- 1992  4 24 115     7.2   20.0   19.7    2.8    0.0 -999.9 -999.9  330.0
radish- 1992  4 25 116     8.9   17.8   10.2    1.7    0.1 -999.9 -999.9  330.0
radish- 1992  4 26 117     9.0   21.5   19.3    3.2    1.6 -999.9 -999.9  330.0
radish- 1992  4 27 118     9.3   16.4   18.8    3.0    1.5 -999.9 -999.9  330.0
radish- 1992  4 28 119     9.1   14.9   11.3    2.4    2.5 -999.9 -999.9  330.0
radish- 1992  4 29 120     6.5   13.7   12.4    1.9    3.7 -999.9 -999.9  330.0
radish- 1992  4 30 121     1.5   14.1   18.3    2.1    0.0 -999.9 -999.9  330.0
radish- 1992  5  1 122     9.9   16.9   12.5    2.5    5.1 -999.9 -999.9  330.0
radish- 1992  5  2 123     5.5   14.1   17.4    2.6    0.0 -999.9 -999.9  330.0
radish- 1992  5  3 124     2.2   14.0   20.4    2.7    0.0 -999.9 -999.9  330.0
radish- 1992  5  4 125     2.4   16.7   17.6    3.1    0.0 -999.9 -999.9  330.0
radish- 1992  5  5 126     5.3   18.3   18.7    3.3    0.0 -999.9 -999.9  330.0
radish- 1992  5  6 127     6.2   16.6   24.5    3.8    0.0 -999.9 -999.9  330.0
radish- 1992  5  7 128     3.9   20.3   23.2    3.4    0.0 -999.9 -999.9  330.0
radish- 1992  5  8 129     5.2   16.0   13.1    2.6    0.0 -999.9 -999.9  330.0
radish- 1992  5  9 130     1.8   13.3    8.3    1.4    0.5 -999.9 -999.9  330.0
radish- 1992  5 10 131     5.7   16.8   18.6    3.0    1.7 -999.9 -999.9  330.0
radish- 1992  5 11 132     8.5   15.3   14.9    3.2    8.1 -999.9 -999.9  330.0
radish- 1992  5 12 133     3.2   17.7   25.0    3.6    0.0 -999.9 -999.9  330.0
radish- 1992  5 13 134     4.8   24.5   27.4    4.4    0.0 -999.9 -999.9  330.0
radish- 1992  5 14 135    10.6   29.0   27.2    5.3    0.0 -999.9 -999.9  330.0
radish- 1992  5 15 136    10.7   29.3   26.3    4.8    0.0 -999.9 -999.9  330.0
radish- 1992  5 16 137    14.3   25.3   24.8    5.5    0.0 -999.9 -999.9  330.0
radish- 1992  5 17 138     8.6   20.3   28.2    4.9    0.0 -999.9 -999.9  330.0
radish- 1992  5 18 139     8.8   23.8   27.7    5.5    0.0 -999.9 -999.9  330.0
radish- 1992  5 19 140    10.0   23.6   28.2    6.0    0.0 -999.9 -999.9  330.0
radish- 1992  5 20 141     7.4   24.0   27.7    5.3    0.0 -999.9 -999.9  330.0
radish- 1992  5 21 142     5.9   21.8   27.4    4.5    1.5 -999.9 -999.9  330.0
radish- 1992  5 22 143     8.1   20.9   21.9    3.7    2.7 -999.9 -999.9  330.0
radish- 1992  5 23 144     8.0   25.8   25.7    4.5    2.6 -999.9 -999.9  330.0
radish- 1992  5 24 145     9.9   24.9   25.7    4.7    0.0 -999.9 -999.9  330.0
radish- 1992  5 25 146     9.7   26.4   23.1    4.3    0.0 -999.9 -999.9  330.0
radish- 1992  5 26 147     9.2   26.2   26.2    4.6    2.1 -999.9 -999.9  330.0
radish- 1992  5 27 148    12.9   23.3   21.6    4.3    1.8 -999.9 -999.9  330.0
radish- 1992  5 28 149    13.3   25.7   21.4    4.4    4.9 -999.9 -999.9  330.0
radish- 1992  5 29 150    14.3   20.7   12.7    2.6    5.8 -999.9 -999.9  330.0
radish- 1992  5 30 151    11.1   23.3   22.6    4.0    0.0 -999.9 -999.9  330.0
radish- 1992  5 31 152    11.8   20.6   12.8    2.4    0.0 -999.9 -999.9  330.0
radish- 1992  6  1 153    12.8   22.7   18.4    3.5    2.4 -999.9 -999.9  330.0
radish- 1992  6  2 154    13.8   15.6    3.6    0.7   45.4 -999.9 -999.9  330.0
radish- 1992  6  3 155     9.9   19.6   14.2    2.5    1.7 -999.9 -999.9  330.0
radish- 1992  6  4 156    12.1   16.4    8.5    1.8    0.8 -999.9 -999.9  330.0
radish- 1992  6  5 157     9.6   14.3    7.0    1.4    0.0 -999.9 -999.9  330.0
radish- 1992  6  6 158     9.7   17.2   13.3    2.3    0.1 -999.9 -999.9  330.0
radish- 1992  6  7 159     6.6   21.6   26.3    4.1    0.0 -999.9 -999.9  330.0
radish- 1992  6  8 160     9.0   22.3   25.7    4.4    0.1 -999.9 -999.9  330.0
radish- 1992  6  9 161     9.2   20.4   18.1    3.1    0.0 -999.9 -999.9  330.0
radish- 1992  6 10 162     7.9   22.1   22.7    3.6    5.4 -999.9 -999.9  330.0
radish- 1992  6 11 163    11.7   22.3   24.8    4.8    0.0 -999.9 -999.9  330.0
radish- 1992  6 12 164     9.0   18.9   19.9    3.6    0.0 -999.9 -999.9  330.0
radish- 1992  6 13 165    10.2   23.6   26.5    5.0    0.0 -999.9 -999.9  330.0
radish- 1992  6 14 166    11.0   25.8   24.9    4.6    0.0 -999.9 -999.9  330.0
radish- 1992  6 15 167    12.5   27.2   28.1    5.4    0.0 -999.9 -999.9  330.0
radish- 1992  6 16 168    14.8   27.7   23.8    5.7    0.0 -999.9 -999.9  330.0
radish- 1992  6 17 169    13.1   23.5   23.5    5.3    0.0 -999.9 -999.9  330.0
radish- 1992  6 18 170    10.7   18.3   25.1    4.9    0.0 -999.9 -999.9  330.0
radish- 1992  6 19 171     6.3   17.3   21.7    3.6    0.9 -999.9 -999.9  330.0
radish- 1992  6 20 172     9.5   14.2    4.2    0.7    4.8 -999.9 -999.9  330.0
radish- 1992  6 21 173     7.2   19.7   20.1    3.4    0.0 -999.9 -999.9  330.0
radish- 1992  6 22 174     6.6   23.9   28.5    5.0    0.0 -999.9 -999.9  330.0
radish- 1992  6 23 175    13.0   21.8   13.5    2.9   12.0 -999.9 -999.9  330.0
radish- 1992  6 24 176    13.8   14.6    3.2    0.5   21.4 -999.9 -999.9  330.0
radish- 1992  6 25 177    12.6   19.0    4.3    0.9    0.1 -999.9 -999.9  330.0
radish- 1992  6 26 178    14.1   24.7   25.5    5.0    0.0 -999.9 -999.9  330.0
radish- 1992  6 27 179    12.0   26.5   26.4    5.2    0.0 -999.9 -999.9  330.0
radish- 1992  6 28 180    10.1   27.3   28.4    5.2    0.0 -999.9 -999.9  330.0
radish- 1992  6 29 181    10.0   28.4   28.2    5.1    0.0 -999.9 -999.9  330.0
radish- 1992  6 30 182    14.7   25.3   18.8    4.3    0.0 -999.9 -999.9  330.0
radish- 1992  7  1 183    13.5   22.7   18.6    3.7    0.0 -999.9 -999.9  330.0
radish- 1992  7  2 184    10.1   23.2   23.1    4.0    0.0 -999.9 -999.9  330.0
radish- 1992  7  3 185    10.5   26.1    2.1    0.8    7.0 -999.9 -999.9  330.0
radish- 1992  7  4 186    14.5   21.6   19.9    4.2    0.5 -999.9 -999.9  330.0
radish- 1992  7  5 187    12.2   22.1    9.0    2.7   14.4 -999.9 -999.9  330.0
radish- 1992  7  6 188    14.7   17.4    9.7    2.2    1.8 -999.9 -999.9  330.0
radish- 1992  7  7 189    14.2   19.3    9.3    2.3    0.0 -999.9 -999.9  330.0
radish- 1992  7  8 190    14.3   26.0   18.6    4.2    0.0 -999.9 -999.9  330.0
radish- 1992  7  9 191    12.0   25.3   18.4    3.6    0.0 -999.9 -999.9  330.0
radish- 1992  7 10 192    14.6   22.7   14.4    3.3    0.7 -999.9 -999.9  330.0
radish- 1992  7 11 193    11.6   20.5   12.4    2.6    4.5 -999.9 -999.9  330.0
radish- 1992  7 12 194    13.6   21.7   21.4    4.5    0.7 -999.9 -999.9  330.0
radish- 1992  7 13 195     8.6   23.5   23.3    4.3    0.0 -999.9 -999.9  330.0
radish- 1992  7 14 196    14.1   22.2   11.4    2.7    0.1 -999.9 -999.9  330.0
radish- 1992  7 15 197    16.1   25.7   15.3    3.3    0.0 -999.9 -999.9  330.0
radish- 1992  7 16 198    12.8   30.2   23.2    4.7    0.0 -999.9 -999.9  330.0
radish- 1992  7 17 199    15.2   23.4   13.8    3.2    0.0 -999.9 -999.9  330.0
radish- 1992  7 18 200    13.7   27.4   21.5    4.5    0.0 -999.9 -999.9  330.0
radish- 1992  7 19 201    13.4   30.5   24.7    4.9    0.0 -999.9 -999.9  330.0
radish- 1992  7 20 202    15.5   32.8   24.5    5.1    0.2 -999.9 -999.9  330.0
radish- 1992  7 21 203    18.1   23.4    9.6    2.5    8.1 -999.9 -999.9  330.0
radish- 1992  7 22 204    10.2   24.9   22.1    4.1    0.0 -999.9 -999.9  330.0
radish- 1992  7 23 205    10.0   28.0   27.4    4.9    0.0 -999.9 -999.9  330.0
radish- 1992  7 24 206    12.4   29.4   18.7    4.1    0.0 -999.9 -999.9  330.0
radish- 1992  7 25 207     9.4   26.7   27.2    4.8    0.0 -999.9 -999.9  330.0
radish- 1992  7 26 208    10.1   28.5   26.2    4.7    0.0 -999.9 -999.9  330.0
radish- 1992  7 27 209    12.4   25.6   22.5    4.8    0.0 -999.9 -999.9  330.0
radish- 1992  7 28 210     7.8   24.8   25.6    4.7    0.0 -999.9 -999.9  330.0
radish- 1992  7 29 211    10.7   30.2   25.2    4.9    0.0 -999.9 -999.9  330.0
radish- 1992  7 30 212    12.8   33.3   23.2    4.7    1.0 -999.9 -999.9  330.0
radish- 1992  7 31 213    19.1   32.2   17.4    4.2    3.9 -999.9 -999.9  330.0
radish- 1992  8  1 214    16.6   31.5   19.2    4.6    1.6 -999.9 -999.9  330.0
radish- 1992  8  2 215    14.6   28.6   22.2    4.4    0.0 -999.9 -999.9  330.0
radish- 1992  8  3 216    13.7   26.0   22.0    4.6    0.0 -999.9 -999.9  330.0
radish- 1992  8  4 217    13.0   24.3   22.2    4.4    0.0 -999.9 -999.9  330.0
radish- 1992  8  5 218     8.5   28.8   25.4    4.3    0.0 -999.9 -999.9  330.0
radish- 1992  8  6 219     9.4   31.1   24.5    4.6    0.0 -999.9 -999.9  330.0
radish- 1992  8  7 220    15.2   34.9   23.7    5.2    0.0 -999.9 -999.9  330.0
radish- 1992  8  8 221    19.3   36.8   23.2    5.7    0.0 -999.9 -999.9  330.0
radish- 1992  8  9 222    17.3   33.5   21.6    5.6   11.8 -999.9 -999.9  330.0
radish- 1992  8 10 223    15.0   22.5   18.2    4.2    0.0 -999.9 -999.9  330.0
radish- 1992  8 11 224     9.6   23.2   15.6    2.9    5.4 -999.9 -999.9  330.0
radish- 1992  8 12 225    12.8   20.8   15.2    3.3    1.0 -999.9 -999.9  330.0
radish- 1992  8 13 226    13.0   19.6    7.6    2.2    3.3 -999.9 -999.9  330.0
radish- 1992  8 14 227    13.7   20.8   17.1    3.9    3.2 -999.9 -999.9  330.0
radish- 1992  8 15 228     8.1   21.9   24.1    3.7    0.1 -999.9 -999.9  330.0
radish- 1992  8 16 229     8.1   24.2   15.7    2.9    0.0 -999.9 -999.9  330.0
radish- 1992  8 17 230    14.9   22.0    9.4    2.3    0.0 -999.9 -999.9  330.0
radish- 1992  8 18 231    15.3   30.2   21.4    4.2    0.1 -999.9 -999.9  330.0
radish- 1992  8 19 232    14.3   29.7   13.3    2.9    3.5 -999.9 -999.9  330.0
radish- 1992  8 20 233    14.5   24.7   10.5    2.1    6.8 -999.9 -999.9  330.0
radish- 1992  8 21 234    14.7   23.0    8.5    1.8    0.2 -999.9 -999.9  330.0
radish- 1992  8 22 235    11.9   24.9   16.5    3.0    0.2 -999.9 -999.9  330.0
radish- 1992  8 23 236    13.6   20.1   16.2    3.3    0.1 -999.9 -999.9  330.0
radish- 1992  8 24 237    12.4   23.4    7.6    1.9    0.1 -999.9 -999.9  330.0
radish- 1992  8 25 238    13.6   27.5   22.0    4.1    0.0 -999.9 -999.9  330.0
radish- 1992  8 26 239    13.9   26.5   16.6    3.5    0.0 -999.9 -999.9  330.0
radish- 1992  8 27 240    15.5   26.0   14.3    3.4    0.0 -999.9 -999.9  330.0
radish- 1992  8 28 241    16.0   26.7   16.3    3.7    7.6 -999.9 -999.9  330.0
radish- 1992  8 29 242    13.1   19.5   10.4    2.2    1.6 -999.9 -999.9  330.0
radish- 1992  8 30 243     8.9   19.6    8.1    2.0    4.2 -999.9 -999.9  330.0
radish- 1992  8 31 244    11.1   15.2    6.0    1.5    4.3 -999.9 -999.9  330.0
radish- 1992  9  1 245     7.5   17.4   17.2    2.8    1.0 -999.9 -999.9  330.0
radish- 1992  9  2 246    10.1   18.1    9.2    2.0    4.4 -999.9 -999.9  330.0
radish- 1992  9  3 247    13.4   17.7   10.5    2.6    1.7 -999.9 -999.9  330.0
radish- 1992  9  4 248     9.2   15.8   14.8    3.0    0.2 -999.9 -999.9  330.0
radish- 1992  9  5 249     4.0   16.7   15.8    2.1    0.1 -999.9 -999.9  330.0
radish- 1992  9  6 250     2.8   19.0   19.9    2.4    0.0 -999.9 -999.9  330.0
radish- 1992  9  7 251     7.2   21.3   13.8    2.4    0.0 -999.9 -999.9  330.0
radish- 1992  9  8 252     7.5   17.8   17.0    2.5    0.0 -999.9 -999.9  330.0
radish- 1992  9  9 253     2.3   19.6   16.0    2.0    0.1 -999.9 -999.9  330.0
radish- 1992  9 10 254     5.7   20.7   11.7    1.8    0.0 -999.9 -999.9  330.0
radish- 1992  9 11 255     9.9   23.8   11.9    2.5    0.0 -999.9 -999.9  330.0
radish- 1992  9 12 256     7.2   20.7   15.7    2.4    0.1 -999.9 -999.9  330.0
radish- 1992  9 13 257     6.2   21.7   15.6    2.4    3.0 -999.9 -999.9  330.0
radish- 1992  9 14 258    11.3   16.0    4.7    0.9    1.5 -999.9 -999.9  330.0
radish- 1992  9 15 259    10.0   20.3   14.4    2.1    0.0 -999.9 -999.9  330.0
radish- 1992  9 16 260     5.7   20.5   16.3    1.9    0.1 -999.9 -999.9  330.0
radish- 1992  9 17 261     6.9   27.2   17.2    2.6    0.0 -999.9 -999.9  330.0
radish- 1992  9 18 262    13.5   21.5   13.0    2.6    0.1 -999.9 -999.9  330.0
radish- 1992  9 19 263     9.5   21.2   14.6    2.2    0.0 -999.9 -999.9  330.0
radish- 1992  9 20 264     6.1   21.8   13.2    1.7    0.0 -999.9 -999.9  330.0
radish- 1992  9 21 265    11.2   23.9   11.5    2.1    9.9 -999.9 -999.9  330.0
radish- 1992  9 22 266    13.0   16.3    3.7    0.8    3.7 -999.9 -999.9  330.0
radish- 1992  9 23 267     9.6   16.7   10.9    1.7    0.3 -999.9 -999.9  330.0
radish- 1992  9 24 268     7.5   15.9    8.7    1.2    0.0 -999.9 -999.9  330.0
radish- 1992  9 25 269     9.2   22.8   15.5    2.4    0.0 -999.9 -999.9  330.0
radish- 1992  9 26 270    10.5   25.5   14.2    2.6    0.1 -999.9 -999.9  330.0
radish- 1992  9 27 271    11.1   24.0    8.6    1.8    0.0 -999.9 -999.9  330.0
radish- 1992  9 28 272    12.2   18.3    8.8    1.6    3.0 -999.9 -999.9  330.0
radish- 1992  9 29 273    10.4   16.0    5.3    1.0    0.3 -999.9 -999.9  330.0
radish- 1992  9 30 274     9.2   17.5    6.6    1.0    1.3 -999.9 -999.9  330.0
radish- 1992 10  1 275     7.0   18.8   12.3    1.4    0.0 -999.9 -999.9  330.0
radish- 1992 10  2 276     7.8   18.4   10.3    1.3    0.1 -999.9 -999.9  330.0
radish- 1992 10  3 277    10.4   16.2    5.1    1.0    0.2 -999.9 -999.9  330.0
radish- 1992 10  4 278     9.7   15.0    6.3    1.6    0.0 -999.9 -999.9  330.0
radish- 1992 10  5 279     9.4   12.4    1.9    1.0    0.2 -999.9 -999.9  330.0
radish- 1992 10  6 280     7.8    9.9    1.8    0.2    8.5 -999.9 -999.9  330.0
radish- 1992 10  7 281     9.3   12.6    3.2    0.5    0.0 -999.9 -999.9  330.0
radish- 1992 10  8 282     9.1   15.1    5.4    0.8    0.0 -999.9 -999.9  330.0
radish- 1992 10  9 283    10.2   13.5    5.0    0.9    0.0 -999.9 -999.9  330.0
radish- 1992 10 10 284     4.5   12.8   11.1    1.6    0.0 -999.9 -999.9  330.0
radish- 1992 10 11 285     7.7   14.5    8.9    1.8    0.1 -999.9 -999.9  330.0
radish- 1992 10 12 286     3.8   13.7    6.0    1.1    0.0 -999.9 -999.9  330.0
radish- 1992 10 13 287     1.1   12.6   12.2    1.3    0.0 -999.9 -999.9  330.0
radish- 1992 10 14 288    -2.0   12.3   11.1    0.8    0.1 -999.9 -999.9  330.0
radish- 1992 10 15 289     3.7   10.0    4.2    0.9    6.7 -999.9 -999.9  330.0
radish- 1992 10 16 290    -2.5    7.8    7.3    0.4    0.1 -999.9 -999.9  330.0
radish- 1992 10 17 291    -4.0    9.4    8.2    0.5    1.4 -999.9 -999.9  330.0
radish- 1992 10 18 292    -2.4    9.9   10.3    0.7    0.1 -999.9 -999.9  330.0
radish- 1992 10 19 293     0.6   12.5    9.9    0.9    0.1 -999.9 -999.9  330.0
radish- 1992 10 20 294     3.0   14.5    9.2    0.8    3.2 -999.9 -999.9  330.0
radish- 1992 10 21 295     2.5    7.3    2.0    0.2    1.7 -999.9 -999.9  330.0
radish- 1992 10 22 296     1.6    9.8    5.8    0.4    0.1 -999.9 -999.9  330.0
radish- 1992 10 23 297     5.7   10.1    2.9    0.8    6.7 -999.9 -999.9  330.0
radish- 1992 10 24 298     2.8    8.9    5.1    0.4    4.5 -999.9 -999.9  330.0
radish- 1992 10 25 299     7.0   13.4    2.8    0.8   10.5 -999.9 -999.9  330.0
radish- 1992 10 26 300     4.7    9.4    3.9    0.7    0.8 -999.9 -999.9  330.0
radish- 1992 10 27 301     3.0   10.6    2.0    0.0   12.9 -999.9 -999.9  330.0
radish- 1992 10 28 302     6.1   10.3    5.2    0.8    0.0 -999.9 -999.9  330.0
radish- 1992 10 29 303     4.6   11.1    6.0    1.1    2.1 -999.9 -999.9  330.0
radish- 1992 10 30 304    -2.1    9.1    7.3    0.3    0.3 -999.9 -999.9  330.0
radish- 1992 10 31 305    -1.2    9.4    8.0    0.3    0.2 -999.9 -999.9  330.0
radish- 1992 11  1 306    -3.2    0.7    2.0    0.1    0.2 -999.9 -999.9  330.0
radish- 1992 11  2 307    -1.7   10.4    7.2    0.0    4.6 -999.9 -999.9  330.0
radish- 1992 11  3 308     4.8   10.0    4.9    0.3    0.7 -999.9 -999.9  330.0
radish- 1992 11  4 309     5.3   10.3    3.7    0.3    0.9 -999.9 -999.9  330.0
radish- 1992 11  5 310     1.7   10.8    4.3    0.0    0.2 -999.9 -999.9  330.0
radish- 1992 11  6 311     8.6   11.8    2.5    0.4    0.0 -999.9 -999.9  330.0
radish- 1992 11  7 312     5.9    7.5    1.9    0.1    0.3 -999.9 -999.9  330.0
radish- 1992 11  8 313     6.3    8.8    1.7    0.1    0.1 -999.9 -999.9  330.0
radish- 1992 11  9 314     7.3   11.6    1.4    0.5    4.2 -999.9 -999.9  330.0
radish- 1992 11 10 315     6.5   11.5    4.0    0.3   10.5 -999.9 -999.9  330.0
radish- 1992 11 11 316     5.3   14.5    2.9    1.1    9.5 -999.9 -999.9  330.0
radish- 1992 11 12 317     2.8    9.2    5.6    0.6    0.2 -999.9 -999.9  330.0
radish- 1992 11 13 318     0.9    7.6    4.7    0.3    0.1 -999.9 -999.9  330.0
radish- 1992 11 14 319    -2.5    8.1    3.7    0.3    3.5 -999.9 -999.9  330.0
radish- 1992 11 15 320     2.7   10.5    1.7    0.0    7.7 -999.9 -999.9  330.0
radish- 1992 11 16 321     6.0    9.8    2.9    0.3    8.7 -999.9 -999.9  330.0
radish- 1992 11 17 322     1.9    7.0    5.0    0.4    0.1 -999.9 -999.9  330.0
radish- 1992 11 18 323    -0.2   11.4    3.4    0.6   14.6 -999.9 -999.9  330.0
radish- 1992 11 19 324     4.0   10.3    5.5    0.0    0.6 -999.9 -999.9  330.0
radish- 1992 11 20 325     1.7    8.0    4.0    0.0    0.1 -999.9 -999.9  330.0
radish- 1992 11 21 326     3.7   12.3    1.4    0.3   12.5 -999.9 -999.9  330.0
radish- 1992 11 22 327    10.9   14.7    1.4    1.9    0.2 -999.9 -999.9  330.0
radish- 1992 11 23 328     7.7   12.9    4.3    0.2    0.3 -999.9 -999.9  330.0
radish- 1992 11 24 329     3.1   11.2    1.5    0.0    2.6 -999.9 -999.9  330.0
radish- 1992 11 25 330     8.0   14.7    4.3    0.9    2.4 -999.9 -999.9  330.0
radish- 1992 11 26 331     7.1   10.9    3.4    0.5    0.3 -999.9 -999.9  330.0
radish- 1992 11 27 332     1.3   11.6    4.7    0.0    5.5 -999.9 -999.9  330.0
radish- 1992 11 28 333     6.4   11.6    2.1    0.0    3.2 -999.9 -999.9  330.0
radish- 1992 11 29 334     8.1   11.6    1.2    0.0    2.6 -999.9 -999.9  330.0
radish- 1992 11 30 335     5.6   12.3    5.0    0.0    1.3 -999.9 -999.9  330.0
radish- 1992 12  1 336     4.3   10.0    5.1    0.0    0.2 -999.9 -999.9  330.0
radish- 1992 12  2 337     4.4   12.6    0.7    0.0   12.9 -999.9 -999.9  330.0
radish- 1992 12  3 338     3.9    9.8    3.6    0.3    6.2 -999.9 -999.9  330.0
radish- 1992 12  4 339     2.4   10.4    1.8    1.1   11.6 -999.9 -999.9  330.0
radish- 1992 12  5 340    -0.1    2.7    1.5    0.0    0.1 -999.9 -999.9  330.0
radish- 1992 12  6 341     0.5    9.0    1.1    0.6    5.3 -999.9 -999.9  330.0
radish- 1992 12  7 342     2.9    9.4    2.1    0.0    0.8 -999.9 -999.9  330.0
radish- 1992 12  8 343     4.7    6.1    3.2    0.0    0.0 -999.9 -999.9  330.0
radish- 1992 12  9 344     2.4    5.1    1.7    0.2    0.0 -999.9 -999.9  330.0
radish- 1992 12 10 345     2.5    3.5    0.5    0.2    0.0 -999.9 -999.9  330.0
radish- 1992 12 11 346     1.5    4.6    1.1    0.4    4.8 -999.9 -999.9  330.0
radish- 1992 12 12 347     1.9    8.2    2.3    0.2    1.4 -999.9 -999.9  330.0
radish- 1992 12 13 348     0.0    6.4    2.4    0.0    0.0 -999.9 -999.9  330.0
radish- 1992 12 14 349     2.4    6.0    1.0    0.0    0.0 -999.9 -999.9  330.0
radish- 1992 12 15 350    -0.5    7.8    3.8    0.0    0.3 -999.9 -999.9  330.0
radish- 1992 12 16 351     2.2    9.9    2.2    0.1    0.1 -999.9 -999.9  330.0
radish- 1992 12 17 352    -1.3    9.0    4.1    0.0    0.3 -999.9 -999.9  330.0
radish- 1992 12 18 353     2.1   10.6    3.5    0.0    0.8 -999.9 -999.9  330.0
radish- 1992 12 19 354     5.3    8.8    1.2    0.2    0.2 -999.9 -999.9  330.0
radish- 1992 12 20 355     5.2    8.6    1.1    0.0    1.9 -999.9 -999.9  330.0
radish- 1992 12 21 356     5.0    6.6    1.0    0.0    0.3 -999.9 -999.9  330.0
radish- 1992 12 22 357     2.4    6.0    1.0    0.1    0.0 -999.9 -999.9  330.0
radish- 1992 12 23 358    -1.8    2.0    1.4    0.0    0.2 -999.9 -999.9  330.0
radish- 1992 12 24 359    -0.1    4.2    0.7    0.0    0.0 -999.9 -999.9  330.0
radish- 1992 12 25 360    -0.2    0.8    0.9    0.0    0.0 -999.9 -999.9  330.0
radish- 1992 12 26 361    -3.0   -1.0    1.1    0.1    0.0 -999.9 -999.9  330.0
radish- 1992 12 27 362    -5.6    1.5    5.4    0.0    0.1 -999.9 -999.9  330.0
radish- 1992 12 28 363    -2.9    1.8    4.6    0.5    0.0 -999.9 -999.9  330.0
radish- 1992 12 29 364    -5.7    0.9    4.6    0.0    0.0 -999.9 -999.9  330.0
radish- 1992 12 30 365    -8.4   -0.5    4.3    0.0    0.0 -999.9 -999.9  330.0
radish- 1992 12 31 366    -9.0   -3.8    0.8    0.0    0.0 -999.9 -999.9  330.0
