barley- 2002  1  1   1    -4.5    0.4    6.1    0.0    0.0 -999.9 -999.9  330.0
barley- 2002  1  2   2    -5.6    1.3    7.5    0.0    0.0 -999.9 -999.9  330.0
barley- 2002  1  3   3    -4.0    1.9    6.2    0.0    0.0 -999.9 -999.9  330.0
barley- 2002  1  4   4    -4.0    4.3    2.6    0.1    0.0 -999.9 -999.9  330.0
barley- 2002  1  5   5    -2.7    8.1    6.5    0.0    0.0 -999.9 -999.9  330.0
barley- 2002  1  6   6    -4.7    5.2    6.9    0.0    0.2 -999.9 -999.9  330.0
barley- 2002  1  7   7    -0.1    4.2    2.7    0.0    0.0 -999.9 -999.9  330.0
barley- 2002  1  8   8     0.0    4.6    6.1    0.0    0.0 -999.9 -999.9  330.0
barley- 2002  1  9   9    -2.1    8.7    6.9    0.0    0.2 -999.9 -999.9  330.0
barley- 2002  1 10  10    -0.3    7.8    4.2    0.0    0.0 -999.9 -999.9  330.0
barley- 2002  1 11  11     0.7    5.3    0.7    0.0    1.2 -999.9 -999.9  330.0
barley- 2002  1 12  12     2.8    9.0    4.7    0.0    0.0 -999.9 -999.9  330.0
barley- 2002  1 13  13    -0.3    6.6    2.0    0.1    0.4 -999.9 -999.9  330.0
barley- 2002  1 14  14     5.1    7.5    1.3    0.0    0.8 -999.9 -999.9  330.0
barley- 2002  1 15  15     5.6    7.7    0.8    0.0   12.4 -999.9 -999.9  330.0
barley- 2002  1 16  16     3.0    8.2    6.1    0.0    0.2 -999.9 -999.9  330.0
barley- 2002  1 17  17     2.1    6.5    3.0    0.1    2.2 -999.9 -999.9  330.0
barley- 2002  1 18  18     3.7    6.4    1.4    0.0    3.0 -999.9 -999.9  330.0
barley- 2002  1 19  19     4.7    9.9    2.9    0.2    0.2 -999.9 -999.9  330.0
barley- 2002  1 20  20     6.2   10.0    2.4    0.4    0.0 -999.9 -999.9  330.0
barley- 2002  1 21  21     7.3   12.7    5.0    0.3    0.0 -999.9 -999.9  330.0
barley- 2002  1 22  22     5.4   11.1    5.8    0.4    0.0 -999.9 -999.9  330.0
barley- 2002  1 23  23     4.2   10.7    1.5    0.6    3.8 -999.9 -999.9  330.0
barley- 2002  1 24  24     8.5   11.6    3.7    0.6    0.6 -999.9 -999.9  330.0
barley- 2002  1 25  25     3.4   10.4    4.1    0.3    0.2 -999.9 -999.9  330.0
barley- 2002  1 26  26     8.7   12.8    3.9    1.0    4.2 -999.9 -999.9  330.0
barley- 2002  1 27  27    10.2   13.3    1.2    0.5    3.2 -999.9 -999.9  330.0
barley- 2002  1 28  28    10.5   14.8    6.1    0.6    0.6 -999.9 -999.9  330.0
barley- 2002  1 29  29     4.4   10.4    2.6    0.1    0.4 -999.9 -999.9  330.0
barley- 2002  1 30  30     4.0   15.5    7.0    0.2    0.0 -999.9 -999.9  330.0
barley- 2002  1 31  31     7.3   13.0    8.8    0.2    1.0 -999.9 -999.9  330.0
barley- 2002  2  1  32     7.8   13.7    4.4    0.9    0.0 -999.9 -999.9  330.0
barley- 2002  2  2  33     4.4   17.8    9.8    0.6    0.0 -999.9 -999.9  330.0
barley- 2002  2  3  34     5.3   15.7    4.9    2.0    0.0 -999.9 -999.9  330.0
barley- 2002  2  4  35     5.1   12.7    6.5    1.2    0.0 -999.9 -999.9  330.0
barley- 2002  2  5  36    10.0   11.7    2.0    1.0    4.0 -999.9 -999.9  330.0
barley- 2002  2  6  37     4.9   10.0    5.3    0.4    0.2 -999.9 -999.9  330.0
barley- 2002  2  7  38     0.3    8.6    8.2    0.3    3.8 -999.9 -999.9  330.0
barley- 2002  2  8  39     6.4   11.1    2.0    0.3    0.4 -999.9 -999.9  330.0
barley- 2002  2  9  40    10.2   12.1    2.4    0.7   12.6 -999.9 -999.9  330.0
barley- 2002  2 10  41     6.0   10.5    5.6    0.6    0.0 -999.9 -999.9  330.0
barley- 2002  2 11  42     8.8   11.8    2.0    0.8    0.2 -999.9 -999.9  330.0
barley- 2002  2 12  43    10.7   15.0    4.8    1.1    0.0 -999.9 -999.9  330.0
barley- 2002  2 13  44     8.8   11.8    2.2    0.5   33.2 -999.9 -999.9  330.0
barley- 2002  2 14  45     4.7    5.2    1.1    0.3   13.0 -999.9 -999.9  330.0
barley- 2002  2 15  46    -0.7    6.7   11.7    0.8    0.0 -999.9 -999.9  330.0
barley- 2002  2 16  47    -0.7    6.7   11.1    0.5    0.0 -999.9 -999.9  330.0
barley- 2002  2 17  48    -1.7   10.9   11.4    0.3    0.0 -999.9 -999.9  330.0
barley- 2002  2 18  49    -0.8    6.6    4.2    0.3    1.4 -999.9 -999.9  330.0
barley- 2002  2 19  50     0.6    9.8    4.2    0.6    2.6 -999.9 -999.9  330.0
barley- 2002  2 20  51     7.2   11.6    2.7    0.8   15.4 -999.9 -999.9  330.0
barley- 2002  2 21  52     2.5    7.6   10.1    1.0    0.0 -999.9 -999.9  330.0
barley- 2002  2 22  53     1.7   10.0    2.1    0.6    2.0 -999.9 -999.9  330.0
barley- 2002  2 23  54     5.7   10.2    4.7    1.0    2.2 -999.9 -999.9  330.0
barley- 2002  2 24  55     1.2    8.4    6.7    0.7    3.2 -999.9 -999.9  330.0
barley- 2002  2 25  56     5.7   12.4    5.3    0.9    0.2 -999.9 -999.9  330.0
barley- 2002  2 26  57     9.9   14.8    8.3    1.5    4.0 -999.9 -999.9  330.0
barley- 2002  2 27  58     6.0   10.7    8.4    1.0    1.4 -999.9 -999.9  330.0
barley- 2002  2 28  59     4.1   10.8   11.6    1.1    0.0 -999.9 -999.9  330.0
barley- 2002  3  1  60     0.7    9.0    7.3    0.7   11.0 -999.9 -999.9  330.0
barley- 2002  3  2  61     1.5    4.0    2.1    0.3    0.6 -999.9 -999.9  330.0
barley- 2002  3  3  62    -2.7   11.2   16.0    0.8    0.0 -999.9 -999.9  330.0
barley- 2002  3  4  63    -1.5   10.8   14.9    0.9    0.4 -999.9 -999.9  330.0
barley- 2002  3  5  64     0.4   11.5   11.2    0.9    0.0 -999.9 -999.9  330.0
barley- 2002  3  6  65     1.2    9.9    6.2    0.8    1.2 -999.9 -999.9  330.0
barley- 2002  3  7  66     7.8   15.9    5.4    1.1    0.2 -999.9 -999.9  330.0
barley- 2002  3  8  67     1.1   16.9   14.2    1.1    0.2 -999.9 -999.9  330.0
barley- 2002  3  9  68     4.3   13.7    8.5    1.1    0.0 -999.9 -999.9  330.0
barley- 2002  3 10  69    -0.6   14.7   17.2    1.4    0.0 -999.9 -999.9  330.0
barley- 2002  3 11  70     0.5   16.3   13.3    1.3    0.2 -999.9 -999.9  330.0
barley- 2002  3 12  71     7.1   13.1    4.8    0.8    0.4 -999.9 -999.9  330.0
barley- 2002  3 13  72     6.4   21.6   14.4    2.0    0.0 -999.9 -999.9  330.0
barley- 2002  3 14  73     6.9   16.8    7.9    1.3    4.6 -999.9 -999.9  330.0
barley- 2002  3 15  74     6.9   13.3    7.8    1.0    0.2 -999.9 -999.9  330.0
barley- 2002  3 16  75     5.1   17.0   12.6    1.7    0.8 -999.9 -999.9  330.0
barley- 2002  3 17  76     9.1   14.5    6.9    1.2    3.6 -999.9 -999.9  330.0
barley- 2002  3 18  77     8.0   12.4    4.4    1.0   16.2 -999.9 -999.9  330.0
barley- 2002  3 19  78    11.5   16.0    5.1    1.3    1.8 -999.9 -999.9  330.0
barley- 2002  3 20  79    12.1   16.4    9.8    1.9    0.0 -999.9 -999.9  330.0
barley- 2002  3 21  80    11.6   15.9    7.7    1.4    3.2 -999.9 -999.9  330.0
barley- 2002  3 22  81     7.1   14.4    9.8    1.3    0.0 -999.9 -999.9  330.0
barley- 2002  3 23  82     6.9   12.0   18.5    2.0    0.2 -999.9 -999.9  330.0
barley- 2002  3 24  83     0.8   12.2   19.0    1.9    0.0 -999.9 -999.9  330.0
barley- 2002  3 25  84    -0.1   10.8   19.6    1.9    0.0 -999.9 -999.9  330.0
barley- 2002  3 26  85    -0.8   13.2   17.0    1.8    0.0 -999.9 -999.9  330.0
barley- 2002  3 27  86     0.4   11.2   18.3    2.1    0.0 -999.9 -999.9  330.0
barley- 2002  3 28  87    -0.1   14.5   20.4    2.4    0.0 -999.9 -999.9  330.0
barley- 2002  3 29  88    -0.9   17.9   19.6    2.2    0.0 -999.9 -999.9  330.0
barley- 2002  3 30  89     5.4   17.5   15.6    2.1    1.0 -999.9 -999.9  330.0
barley- 2002  3 31  90     4.5   17.3   15.7    1.9    0.2 -999.9 -999.9  330.0
barley- 2002  4  1  91     3.6   20.4   18.7    2.3    0.0 -999.9 -999.9  330.0
barley- 2002  4  2  92     3.8   20.5   15.9    2.5    0.0 -999.9 -999.9  330.0
barley- 2002  4  3  93     4.6   21.2   18.2    2.8    0.0 -999.9 -999.9  330.0
barley- 2002  4  4  94     5.3   21.2   20.0    2.9    0.0 -999.9 -999.9  330.0
barley- 2002  4  5  95     4.8   18.2   18.2    2.4    0.0 -999.9 -999.9  330.0
barley- 2002  4  6  96     5.6   14.9   21.5    4.7    0.0 -999.9 -999.9  330.0
barley- 2002  4  7  97     4.2   14.8   16.9    3.9    0.4 -999.9 -999.9  330.0
barley- 2002  4  8  98     3.4   16.3   23.8    4.0    0.0 -999.9 -999.9  330.0
barley- 2002  4  9  99     2.2   14.7   21.9    3.8    0.0 -999.9 -999.9  330.0
barley- 2002  4 10 100     4.3   13.1   16.3    3.6    0.0 -999.9 -999.9  330.0
barley- 2002  4 11 101     5.4   14.1   13.3    3.0    0.0 -999.9 -999.9  330.0
barley- 2002  4 12 102     5.7   15.3   21.3    3.9    0.0 -999.9 -999.9  330.0
barley- 2002  4 13 103     6.4   10.7    9.7    2.3    0.0 -999.9 -999.9  330.0
barley- 2002  4 14 104    -0.2   11.0   14.5    2.0    0.2 -999.9 -999.9  330.0
barley- 2002  4 15 105     0.3   12.6   14.5    1.8    0.0 -999.9 -999.9  330.0
barley- 2002  4 16 106     1.0   15.6   13.8    1.9    0.0 -999.9 -999.9  330.0
barley- 2002  4 17 107     0.3   17.3   19.0    2.5    0.2 -999.9 -999.9  330.0
barley- 2002  4 18 108     7.2   15.5   19.4    2.8    0.8 -999.9 -999.9  330.0
barley- 2002  4 19 109     6.0   15.0   18.4    2.5    0.2 -999.9 -999.9  330.0
barley- 2002  4 20 110     0.5   17.6   18.9    2.5    0.0 -999.9 -999.9  330.0
barley- 2002  4 21 111     1.2   19.6   25.0    3.7    0.0 -999.9 -999.9  330.0
barley- 2002  4 22 112     5.3   22.8   23.1    3.6    0.0 -999.9 -999.9  330.0
barley- 2002  4 23 113     8.6   19.4   16.8    2.8    0.0 -999.9 -999.9  330.0
barley- 2002  4 24 114     7.7   24.2   23.4    3.6    0.0 -999.9 -999.9  330.0
barley- 2002  4 25 115     8.4   22.3   20.1    3.3    0.0 -999.9 -999.9  330.0
barley- 2002  4 26 116     7.1   12.2    5.3    1.1    4.0 -999.9 -999.9  330.0
barley- 2002  4 27 117     4.5   14.9   19.6    3.1    0.0 -999.9 -999.9  330.0
barley- 2002  4 28 118     6.7   15.6    9.7    2.2    1.4 -999.9 -999.9  330.0
barley- 2002  4 29 119     7.6   15.1   18.3    3.4    0.0 -999.9 -999.9  330.0
barley- 2002  4 30 120     5.5   19.8   22.9    4.1    1.8 -999.9 -999.9  330.0
barley- 2002  5  1 121     8.1   15.5   12.6    2.0   12.8 -999.9 -999.9  330.0
barley- 2002  5  2 122     6.1   15.6   20.4    2.8    0.0 -999.9 -999.9  330.0
barley- 2002  5  3 123     3.3   15.4   16.2    2.4    0.2 -999.9 -999.9  330.0
barley- 2002  5  4 124     4.1   13.2   11.6    2.0    0.0 -999.9 -999.9  330.0
barley- 2002  5  5 125     3.7   11.8   14.0    2.2    0.8 -999.9 -999.9  330.0
barley- 2002  5  6 126     5.9   14.5   10.1    1.6    0.0 -999.9 -999.9  330.0
barley- 2002  5  7 127     5.1   20.3   25.5    4.0    0.0 -999.9 -999.9  330.0
barley- 2002  5  8 128     9.6   22.9   23.1    4.4    0.0 -999.9 -999.9  330.0
barley- 2002  5  9 129    12.6   20.7   15.5    2.8    9.4 -999.9 -999.9  330.0
barley- 2002  5 10 130    11.3   19.3   13.8    2.2    7.4 -999.9 -999.9  330.0
barley- 2002  5 11 131     9.1   14.6    5.9    1.0   15.8 -999.9 -999.9  330.0
barley- 2002  5 12 132     9.4   18.5   18.1    2.8    0.2 -999.9 -999.9  330.0
barley- 2002  5 13 133     5.7   21.8   27.3    4.5    2.6 -999.9 -999.9  330.0
barley- 2002  5 14 134     9.0   16.4   13.1    2.3    7.6 -999.9 -999.9  330.0
barley- 2002  5 15 135     6.6   22.6   26.0    4.0    0.0 -999.9 -999.9  330.0
barley- 2002  5 16 136     8.2   27.3   28.7    5.1    0.0 -999.9 -999.9  330.0
barley- 2002  5 17 137    12.9   26.6   21.3    4.4    6.8 -999.9 -999.9  330.0
barley- 2002  5 18 138    11.7   19.7   20.6    3.5    0.0 -999.9 -999.9  330.0
barley- 2002  5 19 139     7.6   19.5   14.2    2.4    0.0 -999.9 -999.9  330.0
barley- 2002  5 20 140    12.6   22.4   20.9    3.8    0.0 -999.9 -999.9  330.0
barley- 2002  5 21 141    12.7   25.1   25.0    4.6   15.2 -999.9 -999.9  330.0
barley- 2002  5 22 142    12.0   13.9    4.9    1.0    1.8 -999.9 -999.9  330.0
barley- 2002  5 23 143     8.3   19.3   23.6    3.7    0.0 -999.9 -999.9  330.0
barley- 2002  5 24 144     8.5   16.5    8.8    1.8    1.4 -999.9 -999.9  330.0
barley- 2002  5 25 145     9.5   18.5   25.0    4.2    0.0 -999.9 -999.9  330.0
barley- 2002  5 26 146     8.7   16.9   16.4    2.8    3.0 -999.9 -999.9  330.0
barley- 2002  5 27 147     6.8   17.0   19.6    2.9    9.6 -999.9 -999.9  330.0
barley- 2002  5 28 148     7.4   14.5   10.3    1.7    4.0 -999.9 -999.9  330.0
barley- 2002  5 29 149     7.3   17.2   19.8    3.2    0.2 -999.9 -999.9  330.0
barley- 2002  5 30 150     5.2   20.9   26.5    4.2    0.0 -999.9 -999.9  330.0
barley- 2002  5 31 151     6.8   22.8   29.8    4.8    0.0 -999.9 -999.9  330.0
barley- 2002  6  1 152     8.2   26.3   29.7    5.4    0.0 -999.9 -999.9  330.0
barley- 2002  6  2 153    10.0   28.1   26.2    5.0    0.6 -999.9 -999.9  330.0
barley- 2002  6  3 154    14.2   24.8   21.4    4.1    0.4 -999.9 -999.9  330.0
barley- 2002  6  4 155    12.2   22.1   10.3    2.0   10.4 -999.9 -999.9  330.0
barley- 2002  6  5 156    13.3   20.5    8.1    1.6   18.0 -999.9 -999.9  330.0
barley- 2002  6  6 157     9.5   18.6   23.5    3.9    0.2 -999.9 -999.9  330.0
barley- 2002  6  7 158    11.2   19.0   16.5    3.0    1.4 -999.9 -999.9  330.0
barley- 2002  6  8 159    11.1   20.8   22.3    3.8    0.2 -999.9 -999.9  330.0
barley- 2002  6  9 160     8.3   18.3   13.2    2.3    2.2 -999.9 -999.9  330.0
barley- 2002  6 10 161     9.0   18.7   16.2    2.9    1.2 -999.9 -999.9  330.0
barley- 2002  6 11 162    11.3   19.8   22.9    4.0    0.2 -999.9 -999.9  330.0
barley- 2002  6 12 163    12.8   21.9   18.8    3.7    0.0 -999.9 -999.9  330.0
barley- 2002  6 13 164    12.3   21.5   15.9    3.1    0.0 -999.9 -999.9  330.0
barley- 2002  6 14 165    12.2   31.3   28.0    5.8    1.0 -999.9 -999.9  330.0
barley- 2002  6 15 166    16.6   24.7   17.6    3.5    0.2 -999.9 -999.9  330.0
barley- 2002  6 16 167    15.0   29.7   28.6    5.6    0.0 -999.9 -999.9  330.0
barley- 2002  6 17 168    17.4   33.9   27.1    6.1    0.0 -999.9 -999.9  330.0
barley- 2002  6 18 169    19.5   28.6   21.9    4.8    0.2 -999.9 -999.9  330.0
barley- 2002  6 19 170    13.2   24.5   21.6    4.5   33.4 -999.9 -999.9  330.0
barley- 2002  6 20 171    14.8   21.6   12.9    2.5    9.2 -999.9 -999.9  330.0
barley- 2002  6 21 172    12.8   24.4   23.7    4.4    0.0 -999.9 -999.9  330.0
barley- 2002  6 22 173    14.0   26.5   28.1    5.6    0.0 -999.9 -999.9  330.0
barley- 2002  6 23 174    15.0   24.0   27.8    5.5    0.0 -999.9 -999.9  330.0
barley- 2002  6 24 175     9.9   23.4   28.3    5.5    0.0 -999.9 -999.9  330.0
barley- 2002  6 25 176     9.4   24.5   31.0    5.7    0.0 -999.9 -999.9  330.0
barley- 2002  6 26 177    10.5   26.9   31.3    5.8    0.0 -999.9 -999.9  330.0
barley- 2002  6 27 178     9.4   23.5   26.6    4.9    0.0 -999.9 -999.9  330.0
barley- 2002  6 28 179     7.8   22.7   28.3    5.2    0.0 -999.9 -999.9  330.0
barley- 2002  6 29 180     6.3   21.6   25.8    4.4    0.0 -999.9 -999.9  330.0
barley- 2002  6 30 181     8.6   22.7   27.7    4.9    0.0 -999.9 -999.9  330.0
barley- 2002  7  1 182    10.2   16.5    6.2    1.5    1.2 -999.9 -999.9  330.0
barley- 2002  7  2 183    12.2   19.9   13.2    3.2    0.2 -999.9 -999.9  330.0
barley- 2002  7  3 184    13.3   20.9   11.2    2.8    7.0 -999.9 -999.9  330.0
barley- 2002  7  4 185     9.1   22.8   20.9    3.9    0.0 -999.9 -999.9  330.0
barley- 2002  7  5 186     9.4   17.8   11.2    2.2    6.8 -999.9 -999.9  330.0
barley- 2002  7  6 187    13.8   20.6   12.2    2.4    0.0 -999.9 -999.9  330.0
barley- 2002  7  7 188    11.4   24.5   18.8    3.6    0.0 -999.9 -999.9  330.0
barley- 2002  7  8 189     9.3   28.1   29.0    5.5    0.8 -999.9 -999.9  330.0
barley- 2002  7  9 190    16.2   22.7   10.5    2.4    5.4 -999.9 -999.9  330.0
barley- 2002  7 10 191    12.1   21.6   16.6    3.2    0.2 -999.9 -999.9  330.0
barley- 2002  7 11 192     9.4   22.5   22.1    4.0    0.2 -999.9 -999.9  330.0
barley- 2002  7 12 193     9.2   24.5   16.4    3.1    4.8 -999.9 -999.9  330.0
barley- 2002  7 13 194    13.1   21.0   13.7    2.8    0.6 -999.9 -999.9  330.0
barley- 2002  7 14 195    10.7   21.2   13.9    2.8    0.0 -999.9 -999.9  330.0
barley- 2002  7 15 196    12.9   20.2   10.2    2.6    0.0 -999.9 -999.9  330.0
barley- 2002  7 16 197    14.6   26.7   25.6    5.5    0.0 -999.9 -999.9  330.0
barley- 2002  7 17 198    13.1   26.7   23.8    5.3    0.0 -999.9 -999.9  330.0
barley- 2002  7 18 199    12.6   26.4   23.8    4.6    0.0 -999.9 -999.9  330.0
barley- 2002  7 19 200    10.9   26.9   28.7    5.3    0.0 -999.9 -999.9  330.0
barley- 2002  7 20 201    10.4   30.8   27.0    5.6    0.0 -999.9 -999.9  330.0
barley- 2002  7 21 202    11.6   24.8   27.1    5.2    0.0 -999.9 -999.9  330.0
barley- 2002  7 22 203     8.3   25.7   28.3    4.9    0.0 -999.9 -999.9  330.0
barley- 2002  7 23 204    10.7   29.1   26.9    5.5    0.2 -999.9 -999.9  330.0
barley- 2002  7 24 205    15.4   25.1   15.9    4.0    0.0 -999.9 -999.9  330.0
barley- 2002  7 25 206    12.6   24.7   22.5    4.6    0.0 -999.9 -999.9  330.0
barley- 2002  7 26 207    17.7   27.9   16.3    4.0    0.0 -999.9 -999.9  330.0
barley- 2002  7 27 208    15.0   32.3   26.5    5.7    0.0 -999.9 -999.9  330.0
barley- 2002  7 28 209    17.9   35.6   25.9    6.2    0.0 -999.9 -999.9  330.0
barley- 2002  7 29 210    17.2   36.2   25.1    6.0    0.0 -999.9 -999.9  330.0
barley- 2002  7 30 211    19.0   27.9   16.0    4.0    0.4 -999.9 -999.9  330.0
barley- 2002  7 31 212    16.3   24.2   11.7    2.8    0.2 -999.9 -999.9  330.0
barley- 2002  8  1 213    10.4   24.8   20.8    4.2    0.0 -999.9 -999.9  330.0
barley- 2002  8  2 214    11.1   22.5   14.2    3.1    3.0 -999.9 -999.9  330.0
barley- 2002  8  3 215    13.4   22.9   17.9    3.3    1.2 -999.9 -999.9  330.0
barley- 2002  8  4 216    12.7   20.2   10.3    1.9    5.6 -999.9 -999.9  330.0
barley- 2002  8  5 217    12.1   22.9   14.8    2.8    0.2 -999.9 -999.9  330.0
barley- 2002  8  6 218    14.1   23.9   20.6    4.2    0.0 -999.9 -999.9  330.0
barley- 2002  8  7 219    13.7   26.9   18.8    4.0    0.0 -999.9 -999.9  330.0
barley- 2002  8  8 220    13.7   25.9   16.6    3.3    3.6 -999.9 -999.9  330.0
barley- 2002  8  9 221    12.7   22.5   13.7    2.9    3.0 -999.9 -999.9  330.0
barley- 2002  8 10 222    13.0   22.2   10.2    2.2    0.0 -999.9 -999.9  330.0
barley- 2002  8 11 223    10.5   24.0   21.7    4.2    0.0 -999.9 -999.9  330.0
barley- 2002  8 12 224    14.3   21.7   12.0    2.8    0.0 -999.9 -999.9  330.0
barley- 2002  8 13 225    11.3   26.6   25.0    4.3    0.0 -999.9 -999.9  330.0
barley- 2002  8 14 226    11.9   29.2   25.6    5.2    0.2 -999.9 -999.9  330.0
barley- 2002  8 15 227    13.9   32.1   24.5    5.0    0.0 -999.9 -999.9  330.0
barley- 2002  8 16 228    14.0   32.7   23.4    5.1    0.0 -999.9 -999.9  330.0
barley- 2002  8 17 229    14.1   34.4   24.9    5.4    0.0 -999.9 -999.9  330.0
barley- 2002  8 18 230    16.3   33.9   15.5    3.7    0.0 -999.9 -999.9  330.0
barley- 2002  8 19 231    15.2   30.4   15.3    3.4    0.2 -999.9 -999.9  330.0
barley- 2002  8 20 232    16.8   21.3    6.1    1.4    9.4 -999.9 -999.9  330.0
barley- 2002  8 21 233    11.7   22.4   10.3    2.0    0.0 -999.9 -999.9  330.0
barley- 2002  8 22 234    14.4   22.9   20.4    3.7    0.0 -999.9 -999.9  330.0
barley- 2002  8 23 235    12.3   24.1   14.6    2.8    1.2 -999.9 -999.9  330.0
barley- 2002  8 24 236    12.5   25.5   20.6    3.7    0.0 -999.9 -999.9  330.0
barley- 2002  8 25 237    12.1   23.9   14.7    3.1    0.2 -999.9 -999.9  330.0
barley- 2002  8 26 238    15.2   18.9    2.6    0.7   12.4 -999.9 -999.9  330.0
barley- 2002  8 27 239    16.2   18.7    2.7    0.4   39.8 -999.9 -999.9  330.0
barley- 2002  8 28 240    16.5   20.1    3.2    0.6    0.0 -999.9 -999.9  330.0
barley- 2002  8 29 241    16.1   24.1   13.5    2.5    0.0 -999.9 -999.9  330.0
barley- 2002  8 30 242    14.8   25.2   14.8    2.6    0.2 -999.9 -999.9  330.0
barley- 2002  8 31 243    14.4   23.3   13.9    2.7    0.0 -999.9 -999.9  330.0
barley- 2002  9  1 244    10.6   21.4   19.5    3.5    0.0 -999.9 -999.9  330.0
barley- 2002  9  2 245    10.2   24.4   17.4    3.3    0.0 -999.9 -999.9  330.0
barley- 2002  9  3 246    13.8   22.7    9.6    1.9    8.0 -999.9 -999.9  330.0
barley- 2002  9  4 247    15.2   20.2   13.1    2.2    0.2 -999.9 -999.9  330.0
barley- 2002  9  5 248    10.6   22.7   17.0    2.7    0.2 -999.9 -999.9  330.0
barley- 2002  9  6 249     9.7   22.9   17.6    3.0    0.0 -999.9 -999.9  330.0
barley- 2002  9  7 250    15.4   22.0   11.4    2.5    0.6 -999.9 -999.9  330.0
barley- 2002  9  8 251    14.2   18.3    6.8    1.4    5.0 -999.9 -999.9  330.0
barley- 2002  9  9 252    13.8   20.0   12.3    2.4    1.6 -999.9 -999.9  330.0
barley- 2002  9 10 253    12.2   21.9   18.6    2.8    0.2 -999.9 -999.9  330.0
barley- 2002  9 11 254     8.9   21.5   18.8    2.7    0.2 -999.9 -999.9  330.0
barley- 2002  9 12 255    10.5   22.1    9.5    1.9    0.0 -999.9 -999.9  330.0
barley- 2002  9 13 256    10.3   23.7   21.4    3.8    0.0 -999.9 -999.9  330.0
barley- 2002  9 14 257     8.9   23.9   20.3    3.2    0.0 -999.9 -999.9  330.0
barley- 2002  9 15 258    12.6   21.5   14.0    2.8    0.0 -999.9 -999.9  330.0
barley- 2002  9 16 259     8.1   22.3   20.7    3.3    0.0 -999.9 -999.9  330.0
barley- 2002  9 17 260     8.5   22.7   19.6    3.0    0.0 -999.9 -999.9  330.0
barley- 2002  9 18 261     8.5   25.2   18.9    2.9    0.4 -999.9 -999.9  330.0
barley- 2002  9 19 262    13.3   22.8    9.7    1.8    0.4 -999.9 -999.9  330.0
barley- 2002  9 20 263    14.1   22.6   13.6    2.4    0.0 -999.9 -999.9  330.0
barley- 2002  9 21 264     9.3   21.4   17.4    2.6    0.0 -999.9 -999.9  330.0
barley- 2002  9 22 265     8.2   19.3   11.3    2.0    0.0 -999.9 -999.9  330.0
barley- 2002  9 23 266     8.7   17.5   14.0    2.4    0.0 -999.9 -999.9  330.0
barley- 2002  9 24 267     6.6   15.8   11.7    2.3    0.0 -999.9 -999.9  330.0
barley- 2002  9 25 268     3.7   15.9    8.7    1.5    0.2 -999.9 -999.9  330.0
barley- 2002  9 26 269     6.6   16.0    6.7    1.2    2.0 -999.9 -999.9  330.0
barley- 2002  9 27 270     4.1   17.0   13.5    1.5    0.0 -999.9 -999.9  330.0
barley- 2002  9 28 271     5.6   19.6   14.3    1.7    0.0 -999.9 -999.9  330.0
barley- 2002  9 29 272     3.2   19.9   18.1    2.1    0.0 -999.9 -999.9  330.0
barley- 2002  9 30 273     3.4   23.4   17.1    1.8    0.0 -999.9 -999.9  330.0
barley- 2002 10  1 274     4.2   24.7   14.4    1.7    0.0 -999.9 -999.9  330.0
barley- 2002 10  2 275     9.8   22.1    7.7    1.3    0.6 -999.9 -999.9  330.0
barley- 2002 10  3 276    14.0   20.7    5.4    1.0    1.0 -999.9 -999.9  330.0
barley- 2002 10  4 277    10.7   19.6   13.8    1.6    0.0 -999.9 -999.9  330.0
barley- 2002 10  5 278     4.7   20.5   15.2    1.5    0.8 -999.9 -999.9  330.0
barley- 2002 10  6 279    10.6   18.1    8.7    1.4    1.0 -999.9 -999.9  330.0
barley- 2002 10  7 280     2.8   16.8   15.7    1.2    0.2 -999.9 -999.9  330.0
barley- 2002 10  8 281     1.5   17.4   14.1    1.3    0.0 -999.9 -999.9  330.0
barley- 2002 10  9 282     4.8   21.1   12.5    1.5    0.0 -999.9 -999.9  330.0
barley- 2002 10 10 283    11.0   19.5   12.2    1.7    0.0 -999.9 -999.9  330.0
barley- 2002 10 11 284     6.0   17.4   13.7    1.1    0.2 -999.9 -999.9  330.0
barley- 2002 10 12 285     5.2   17.3    8.8    1.3    0.4 -999.9 -999.9  330.0
barley- 2002 10 13 286     2.4   16.2    7.1    1.5    0.0 -999.9 -999.9  330.0
barley- 2002 10 14 287     9.5   14.7    7.6    1.5    0.6 -999.9 -999.9  330.0
barley- 2002 10 15 288     8.7   19.6    6.8    1.6    0.0 -999.9 -999.9  330.0
barley- 2002 10 16 289    11.3   17.0    3.4    0.9   17.6 -999.9 -999.9  330.0
barley- 2002 10 17 290     7.8   15.2    5.8    0.8   10.6 -999.9 -999.9  330.0
barley- 2002 10 18 291     4.2   13.2    6.6    0.6    1.4 -999.9 -999.9  330.0
barley- 2002 10 19 292     1.6   10.0    8.4    0.4    0.0 -999.9 -999.9  330.0
barley- 2002 10 20 293     2.8   14.7    8.7    0.8    0.2 -999.9 -999.9  330.0
barley- 2002 10 21 294    10.0   18.3    4.5    0.8    6.6 -999.9 -999.9  330.0
barley- 2002 10 22 295    10.7   16.6    4.7    1.0    7.2 -999.9 -999.9  330.0
barley- 2002 10 23 296     8.9   13.3   10.3    1.2    0.0 -999.9 -999.9  330.0
barley- 2002 10 24 297     5.9   12.6    2.0    0.3   11.0 -999.9 -999.9  330.0
barley- 2002 10 25 298    11.4   16.3    2.2    0.7   14.4 -999.9 -999.9  330.0
barley- 2002 10 26 299    10.9   16.5    9.6    1.3    1.2 -999.9 -999.9  330.0
barley- 2002 10 27 300    11.2   16.5    8.1    2.0    0.2 -999.9 -999.9  330.0
barley- 2002 10 28 301     4.0   16.8   11.0    0.5    0.0 -999.9 -999.9  330.0
barley- 2002 10 29 302     3.5   16.9    9.0    0.6    0.0 -999.9 -999.9  330.0
barley- 2002 10 30 303     6.8   19.1    7.0    0.5    0.0 -999.9 -999.9  330.0
barley- 2002 10 31 304     5.2   16.6    7.0    0.3    0.2 -999.9 -999.9  330.0
barley- 2002 11  1 305     9.6   15.4    4.2    0.5    3.2 -999.9 -999.9  330.0
barley- 2002 11  2 306    13.3   16.2    1.6    0.3   15.6 -999.9 -999.9  330.0
barley- 2002 11  3 307     9.2   15.0    6.4    0.6    9.6 -999.9 -999.9  330.0
barley- 2002 11  4 308     7.4   14.5    8.2    0.4    0.0 -999.9 -999.9  330.0
barley- 2002 11  5 309     3.5   15.4    8.5    0.1    0.0 -999.9 -999.9  330.0
barley- 2002 11  6 310     3.2    9.9    4.0    0.2   19.0 -999.9 -999.9  330.0
barley- 2002 11  7 311     5.5   10.7    7.0    0.3    2.4 -999.9 -999.9  330.0
barley- 2002 11  8 312     1.8   12.0    2.8    0.3   11.4 -999.9 -999.9  330.0
barley- 2002 11  9 313     8.2   13.3    1.8    0.3    9.8 -999.9 -999.9  330.0
barley- 2002 11 10 314     8.5   15.4    2.9    0.3    6.6 -999.9 -999.9  330.0
barley- 2002 11 11 315     9.8   13.7    6.8    0.3    0.0 -999.9 -999.9  330.0
barley- 2002 11 12 316     7.4   13.4    4.5    0.4    3.0 -999.9 -999.9  330.0
barley- 2002 11 13 317     9.7   14.6    6.0    0.8    0.4 -999.9 -999.9  330.0
barley- 2002 11 14 318     9.1   13.4    6.1    0.7    0.0 -999.9 -999.9  330.0
barley- 2002 11 15 319     3.6   14.5    6.7    0.0    0.4 -999.9 -999.9  330.0
barley- 2002 11 16 320     4.4    8.6    2.2    0.1    0.0 -999.9 -999.9  330.0
barley- 2002 11 17 321     5.4   10.5    2.4    0.1    2.6 -999.9 -999.9  330.0
barley- 2002 11 18 322     6.5    9.4    1.9    0.2    0.2 -999.9 -999.9  330.0
barley- 2002 11 19 323     3.7    5.8    2.1    0.1    0.2 -999.9 -999.9  330.0
barley- 2002 11 20 324     2.3   12.0    5.1    0.0    1.4 -999.9 -999.9  330.0
barley- 2002 11 21 325     8.8   12.3    2.6    0.7    3.2 -999.9 -999.9  330.0
barley- 2002 11 22 326     6.4   11.8    6.2    0.1    0.4 -999.9 -999.9  330.0
barley- 2002 11 23 327     5.3    9.0    1.4    0.1   10.6 -999.9 -999.9  330.0
barley- 2002 11 24 328     3.0   12.0    6.4    0.0    9.2 -999.9 -999.9  330.0
barley- 2002 11 25 329     6.2    8.7    0.6    0.0    2.4 -999.9 -999.9  330.0
barley- 2002 11 26 330     2.0    6.7    2.1    0.1    0.0 -999.9 -999.9  330.0
barley- 2002 11 27 331     0.0    7.0    2.3    0.0    0.2 -999.9 -999.9  330.0
barley- 2002 11 28 332     4.1   10.1    3.3    0.0    4.0 -999.9 -999.9  330.0
barley- 2002 11 29 333     7.2   10.0    2.1    0.1    1.8 -999.9 -999.9  330.0
barley- 2002 11 30 334     5.2   10.5    2.1    0.1    0.0 -999.9 -999.9  330.0
barley- 2002 12  1 335     7.3   10.3    1.1    0.1    6.4 -999.9 -999.9  330.0
barley- 2002 12  2 336     5.6    8.6    3.2    0.2    0.6 -999.9 -999.9  330.0
barley- 2002 12  3 337     1.4    9.1    5.1    0.0    0.2 -999.9 -999.9  330.0
barley- 2002 12  4 338     3.0    8.1    2.3    0.0    6.4 -999.9 -999.9  330.0
barley- 2002 12  5 339     4.8    6.4    0.8    0.1    1.8 -999.9 -999.9  330.0
barley- 2002 12  6 340     1.5    5.5    0.6    0.1    0.0 -999.9 -999.9  330.0
barley- 2002 12  7 341     1.3    2.7    0.6    0.0    0.0 -999.9 -999.9  330.0
barley- 2002 12  8 342     2.0    2.9    0.6    0.0    0.0 -999.9 -999.9  330.0
barley- 2002 12  9 343    -0.4    1.5    0.8    0.2    0.0 -999.9 -999.9  330.0
barley- 2002 12 10 344    -1.5    4.6    3.0    0.0    0.8 -999.9 -999.9  330.0
barley- 2002 12 11 345     0.2    4.9    3.6    0.0    0.8 -999.9 -999.9  330.0
barley- 2002 12 12 346     0.4    9.3    4.3    0.0    1.6 -999.9 -999.9  330.0
barley- 2002 12 13 347     2.1    9.8    2.2    0.0    0.2 -999.9 -999.9  330.0
barley- 2002 12 14 348     2.2    9.3    2.0    0.1    2.4 -999.9 -999.9  330.0
barley- 2002 12 15 349     6.1    9.7    0.7    0.3    3.0 -999.9 -999.9  330.0
barley- 2002 12 16 350     5.9    8.9    1.3    0.0    9.8 -999.9 -999.9  330.0
barley- 2002 12 17 351     4.7    6.4    1.3    0.1    0.2 -999.9 -999.9  330.0
barley- 2002 12 18 352     1.9    4.8    3.5    0.0    0.0 -999.9 -999.9  330.0
barley- 2002 12 19 353    -1.5    3.6    5.4    0.0    0.2 -999.9 -999.9  330.0
barley- 2002 12 20 354    -1.3   10.2    0.8    0.0   21.6 -999.9 -999.9  330.0
barley- 2002 12 21 355     8.9   12.1    1.4    0.1   10.0 -999.9 -999.9  330.0
barley- 2002 12 22 356    10.0   13.9    1.1    0.1    1.4 -999.9 -999.9  330.0
barley- 2002 12 23 357    10.7   13.6    2.5    0.1    0.2 -999.9 -999.9  330.0
barley- 2002 12 24 358     8.3   12.9    2.3    0.2    2.4 -999.9 -999.9  330.0
barley- 2002 12 25 359     9.4   11.8    2.1    0.2    6.2 -999.9 -999.9  330.0
barley- 2002 12 26 360     9.5   14.8    3.9    0.2    0.4 -999.9 -999.9  330.0
barley- 2002 12 27 361    11.1   12.0    0.8    0.3    2.4 -999.9 -999.9  330.0
barley- 2002 12 28 362     5.9   10.8    2.3    0.0    1.0 -999.9 -999.9  330.0
barley- 2002 12 29 363     6.2   12.5    1.1    0.1    2.6 -999.9 -999.9  330.0
barley- 2002 12 30 364    10.5   13.2    3.2    0.2    0.2 -999.9 -999.9  330.0
barley- 2002 12 31 365     6.0   10.5    1.9    0.1    0.2 -999.9 -999.9  330.0
