 wbarley 1997  1  1   1   -14.2   -8.8    3.7    0.1    0.0 -999.9 -999.9  330.0
 wbarley 1997  1  2   2   -10.7   -5.9    1.9    0.1    0.0 -999.9 -999.9  330.0
 wbarley 1997  1  3   3    -9.8   -3.9    2.8    0.1    0.0 -999.9 -999.9  330.0
 wbarley 1997  1  4   4    -5.6   -4.1    1.3    0.1    0.0 -999.9 -999.9  330.0
 wbarley 1997  1  5   5    -4.0   -2.7    1.1    0.1    0.0 -999.9 -999.9  330.0
 wbarley 1997  1  6   6   -10.0   -4.9    1.3    0.1    0.0 -999.9 -999.9  330.0
 wbarley 1997  1  7   7    -6.2   -4.3    1.4    0.1    0.0 -999.9 -999.9  330.0
 wbarley 1997  1  8   8    -4.8   -1.6    1.3    0.1    0.0 -999.9 -999.9  330.0
 wbarley 1997  1  9   9    -2.8   -2.0    1.5    0.1    0.0 -999.9 -999.9  330.0
 wbarley 1997  1 10  10    -5.8   -4.9    0.8    0.1    0.0 -999.9 -999.9  330.0
 wbarley 1997  1 11  11    -4.5   -2.1    2.3    0.2    0.0 -999.9 -999.9  330.0
 wbarley 1997  1 12  12    -4.5    0.6    3.5    0.2    0.6 -999.9 -999.9  330.0
 wbarley 1997  1 13  13    -6.1    1.4    5.5    0.2    0.4 -999.9 -999.9  330.0
 wbarley 1997  1 14  14    -5.4    1.7    5.3    0.2    0.1 -999.9 -999.9  330.0
 wbarley 1997  1 15  15    -6.6    2.7    5.6    0.2    0.2 -999.9 -999.9  330.0
 wbarley 1997  1 16  16    -6.3    4.9    5.8    0.2    0.2 -999.9 -999.9  330.0
 wbarley 1997  1 17  17    -4.4    6.8    5.5    0.2    1.8 -999.9 -999.9  330.0
 wbarley 1997  1 18  18     2.3    3.5    1.6    0.2    1.4 -999.9 -999.9  330.0
 wbarley 1997  1 19  19     2.8    7.1    1.7    0.2    0.2 -999.9 -999.9  330.0
 wbarley 1997  1 20  20     2.1    3.2    1.5    0.2    0.2 -999.9 -999.9  330.0
 wbarley 1997  1 21  21     0.4    5.8    5.7    0.1    0.1 -999.9 -999.9  330.0
 wbarley 1997  1 22  22     2.6   10.3    2.0    0.1    1.6 -999.9 -999.9  330.0
 wbarley 1997  1 23  23    -0.6    3.7    3.3    0.1    0.4 -999.9 -999.9  330.0
 wbarley 1997  1 24  24     2.7    6.2    2.0    0.1    0.3 -999.9 -999.9  330.0
 wbarley 1997  1 25  25     0.7    7.8    5.8    0.1    0.0 -999.9 -999.9  330.0
 wbarley 1997  1 26  26    -1.1    0.5    2.6    0.1    0.3 -999.9 -999.9  330.0
 wbarley 1997  1 27  27    -0.6    0.0    1.8    0.1    0.0 -999.9 -999.9  330.0
 wbarley 1997  1 28  28    -4.1    2.2    7.2    0.1    0.3 -999.9 -999.9  330.0
 wbarley 1997  1 29  29    -1.4    4.5    5.3    0.1    0.0 -999.9 -999.9  330.0
 wbarley 1997  1 30  30    -0.6    0.4    2.1    0.1    0.0 -999.9 -999.9  330.0
 wbarley 1997  1 31  31    -1.5    1.0    2.2    0.1    0.0 -999.9 -999.9  330.0
 wbarley 1997  2  1  32    -3.3    4.1    7.0    0.4    0.0 -999.9 -999.9  330.0
 wbarley 1997  2  2  33    -1.6   -0.7    1.0    0.4    1.1 -999.9 -999.9  330.0
 wbarley 1997  2  3  34    -0.1    1.3    2.4    0.4    0.1 -999.9 -999.9  330.0
 wbarley 1997  2  4  35     0.9    5.7    2.7    0.4    7.7 -999.9 -999.9  330.0
 wbarley 1997  2  5  36     2.5    6.8    3.2    0.4    1.4 -999.9 -999.9  330.0
 wbarley 1997  2  6  37     0.4    8.4    5.5    0.4    0.0 -999.9 -999.9  330.0
 wbarley 1997  2  7  38    -1.8   10.0    8.2    0.4    0.0 -999.9 -999.9  330.0
 wbarley 1997  2  8  39     4.5    8.4    3.1    0.4    0.0 -999.9 -999.9  330.0
 wbarley 1997  2  9  40     2.5   11.3    7.0    0.4    0.0 -999.9 -999.9  330.0
 wbarley 1997  2 10  41     4.4   11.3    4.5    0.4    1.6 -999.9 -999.9  330.0
 wbarley 1997  2 11  42     2.5   10.8    5.2    0.9    4.2 -999.9 -999.9  330.0
 wbarley 1997  2 12  43     6.6   11.4    2.1    0.9    5.8 -999.9 -999.9  330.0
 wbarley 1997  2 13  44     6.0    7.0    5.7    0.9    2.3 -999.9 -999.9  330.0
 wbarley 1997  2 14  45     3.0    4.2    2.5    0.9   10.2 -999.9 -999.9  330.0
 wbarley 1997  2 15  46     0.6    6.9    6.7    0.9    0.0 -999.9 -999.9  330.0
 wbarley 1997  2 16  47    -1.6    6.7    8.7    0.9    0.3 -999.9 -999.9  330.0
 wbarley 1997  2 17  48     3.9    9.8    5.4    0.9    1.8 -999.9 -999.9  330.0
 wbarley 1997  2 18  49     5.0   11.4    5.1    0.9    3.0 -999.9 -999.9  330.0
 wbarley 1997  2 19  50     2.2    9.5    4.8    0.9    0.7 -999.9 -999.9  330.0
 wbarley 1997  2 20  51     5.2   10.7    6.7    0.9    0.0 -999.9 -999.9  330.0
 wbarley 1997  2 21  52     8.2   10.5    4.5    1.5    0.0 -999.9 -999.9  330.0
 wbarley 1997  2 22  53     7.5   12.7    6.8    1.5    0.0 -999.9 -999.9  330.0
 wbarley 1997  2 23  54     3.6   10.3    5.1    1.5    0.1 -999.9 -999.9  330.0
 wbarley 1997  2 24  55     9.4   12.6    2.0    1.5   15.2 -999.9 -999.9  330.0
 wbarley 1997  2 25  56    10.0   12.4    2.1    1.5    7.7 -999.9 -999.9  330.0
 wbarley 1997  2 26  57     5.1   10.6    8.9    1.5    1.1 -999.9 -999.9  330.0
 wbarley 1997  2 27  58     4.0    9.9    9.2    1.5    0.0 -999.9 -999.9  330.0
 wbarley 1997  2 28  59     3.6   16.2   10.6    1.5    0.0 -999.9 -999.9  330.0
 wbarley 1997  3  1  60     7.6   12.0    5.6    0.9    0.1 -999.9 -999.9  330.0
 wbarley 1997  3  2  61     4.3   12.3    7.8    0.9    6.0 -999.9 -999.9  330.0
 wbarley 1997  3  3  62     7.0   10.4    6.3    0.9    0.8 -999.9 -999.9  330.0
 wbarley 1997  3  4  63     8.5   14.5    5.0    0.9    3.2 -999.9 -999.9  330.0
 wbarley 1997  3  5  64     7.5    8.2    2.8    0.9    1.2 -999.9 -999.9  330.0
 wbarley 1997  3  6  65     6.9    9.9    2.7    0.9    0.1 -999.9 -999.9  330.0
 wbarley 1997  3  7  66     6.7   14.0   13.6    0.9    0.0 -999.9 -999.9  330.0
 wbarley 1997  3  8  67     0.2   14.1   13.4    0.9    0.1 -999.9 -999.9  330.0
 wbarley 1997  3  9  68     0.5   15.0   14.7    0.9    0.0 -999.9 -999.9  330.0
 wbarley 1997  3 10  69     0.6   16.0   14.2    0.9    0.0 -999.9 -999.9  330.0
 wbarley 1997  3 11  70    -0.2   17.6   14.4    1.3    0.0 -999.9 -999.9  330.0
 wbarley 1997  3 12  71     1.2   17.4   13.7    1.3    0.0 -999.9 -999.9  330.0
 wbarley 1997  3 13  72     8.4   14.3    6.3    1.3    0.0 -999.9 -999.9  330.0
 wbarley 1997  3 14  73     6.3   10.0    2.8    1.3    0.4 -999.9 -999.9  330.0
 wbarley 1997  3 15  74     6.1    9.8    3.8    1.3    0.0 -999.9 -999.9  330.0
 wbarley 1997  3 16  75     9.2   12.5    4.2    1.3    0.0 -999.9 -999.9  330.0
 wbarley 1997  3 17  76     8.3   13.6    8.7    1.3    0.3 -999.9 -999.9  330.0
 wbarley 1997  3 18  77     2.3    9.8    5.0    1.3    2.2 -999.9 -999.9  330.0
 wbarley 1997  3 19  78     6.0    9.3    5.1    1.3    1.8 -999.9 -999.9  330.0
 wbarley 1997  3 20  79     3.1    9.0   10.2    1.3    0.0 -999.9 -999.9  330.0
 wbarley 1997  3 21  80     5.8    9.5   11.4    1.8    0.0 -999.9 -999.9  330.0
 wbarley 1997  3 22  81    -1.9    9.6   16.2    1.8    0.0 -999.9 -999.9  330.0
 wbarley 1997  3 23  82     1.4   10.0    8.2    1.8    0.0 -999.9 -999.9  330.0
 wbarley 1997  3 24  83     4.8   10.5    8.9    1.8    0.0 -999.9 -999.9  330.0
 wbarley 1997  3 25  84     6.7   11.6    9.4    1.8    0.0 -999.9 -999.9  330.0
 wbarley 1997  3 26  85     0.5   14.3   11.5    1.8    0.4 -999.9 -999.9  330.0
 wbarley 1997  3 27  86    11.0   15.3    9.5    1.8    0.0 -999.9 -999.9  330.0
 wbarley 1997  3 28  87     7.6   10.8   15.3    1.8    0.0 -999.9 -999.9  330.0
 wbarley 1997  3 29  88     2.4   10.1    9.5    1.8    0.0 -999.9 -999.9  330.0
 wbarley 1997  3 30  89     1.7   13.2   12.3    1.8    0.0 -999.9 -999.9  330.0
 wbarley 1997  3 31  90    -0.8   15.2   19.2    1.8    0.0 -999.9 -999.9  330.0
 wbarley 1997  4  1  91     0.4   18.7   19.3    2.5    0.0 -999.9 -999.9  330.0
 wbarley 1997  4  2  92     3.6   16.7   15.4    2.5    0.0 -999.9 -999.9  330.0
 wbarley 1997  4  3  93     3.0   12.2   10.5    2.5    1.5 -999.9 -999.9  330.0
 wbarley 1997  4  4  94     3.0   10.0   15.6    2.5    0.0 -999.9 -999.9  330.0
 wbarley 1997  4  5  95     1.5   12.4    6.6    2.5    0.0 -999.9 -999.9  330.0
 wbarley 1997  4  6  96     7.5   11.0   20.8    2.5    0.0 -999.9 -999.9  330.0
 wbarley 1997  4  7  97    -1.6   12.5   21.8    2.5    0.0 -999.9 -999.9  330.0
 wbarley 1997  4  8  98    -2.4   15.9   21.9    2.5    0.0 -999.9 -999.9  330.0
 wbarley 1997  4  9  99     0.5   19.4   19.6    2.5    0.0 -999.9 -999.9  330.0
 wbarley 1997  4 10 100     0.9   19.4   20.3    2.5    0.0 -999.9 -999.9  330.0
 wbarley 1997  4 11 101     1.9   15.3   13.2    2.7    0.0 -999.9 -999.9  330.0
 wbarley 1997  4 12 102    -1.9    9.6   11.8    2.7    0.0 -999.9 -999.9  330.0
 wbarley 1997  4 13 103    -2.0   11.5   21.3    2.7    0.1 -999.9 -999.9  330.0
 wbarley 1997  4 14 104    -1.2   15.9   13.5    2.7    0.0 -999.9 -999.9  330.0
 wbarley 1997  4 15 105     3.7   11.0   20.4    2.7    0.0 -999.9 -999.9  330.0
 wbarley 1997  4 16 106    -1.8    9.8   12.9    2.7    0.0 -999.9 -999.9  330.0
 wbarley 1997  4 17 107    -0.2   13.1   21.4    2.7    0.0 -999.9 -999.9  330.0
 wbarley 1997  4 18 108    -1.2   14.4   21.6    2.7    0.0 -999.9 -999.9  330.0
 wbarley 1997  4 19 109     0.4   11.0   16.3    2.7    0.0 -999.9 -999.9  330.0
 wbarley 1997  4 20 110     0.3    9.4   20.7    2.7    0.0 -999.9 -999.9  330.0
 wbarley 1997  4 21 111    -4.8   12.1   24.9    2.4    0.0 -999.9 -999.9  330.0
 wbarley 1997  4 22 112    -1.2   11.0   14.0    2.4    0.0 -999.9 -999.9  330.0
 wbarley 1997  4 23 113    -3.6   13.7   23.7    2.4    0.0 -999.9 -999.9  330.0
 wbarley 1997  4 24 114    -2.9   17.4   23.6    2.4    0.0 -999.9 -999.9  330.0
 wbarley 1997  4 25 115     0.7   17.5   12.4    2.4    5.4 -999.9 -999.9  330.0
 wbarley 1997  4 26 116    10.2   13.1    7.4    2.4    5.9 -999.9 -999.9  330.0
 wbarley 1997  4 27 117     7.9   13.1    8.1    2.4    1.2 -999.9 -999.9  330.0
 wbarley 1997  4 28 118     6.2   15.0    6.9    2.4    1.7 -999.9 -999.9  330.0
 wbarley 1997  4 29 119    10.2   13.1    7.1    2.4    0.2 -999.9 -999.9  330.0
 wbarley 1997  4 30 120     7.1   16.8   16.4    2.4    0.1 -999.9 -999.9  330.0
 wbarley 1997  5  1 121     2.9   19.3   25.3    3.0    0.0 -999.9 -999.9  330.0
 wbarley 1997  5  2 122     5.2   22.7   26.0    3.0    0.0 -999.9 -999.9  330.0
 wbarley 1997  5  3 123     6.4   26.7   23.0    3.0    0.1 -999.9 -999.9  330.0
 wbarley 1997  5  4 124    11.3   20.6   17.0    3.0    4.1 -999.9 -999.9  330.0
 wbarley 1997  5  5 125    11.7   16.8   13.4    3.0   13.7 -999.9 -999.9  330.0
 wbarley 1997  5  6 126     5.5    9.4    4.6    3.0   18.1 -999.9 -999.9  330.0
 wbarley 1997  5  7 127    -0.4    7.7   13.3    3.0    0.1 -999.9 -999.9  330.0
 wbarley 1997  5  8 128     1.5   11.8   15.6    3.0   12.0 -999.9 -999.9  330.0
 wbarley 1997  5  9 129     7.5   13.0   16.5    3.0    2.8 -999.9 -999.9  330.0
 wbarley 1997  5 10 130     7.2   15.2   12.4    3.0    0.5 -999.9 -999.9  330.0
 wbarley 1997  5 11 131    11.4   13.5    6.3    3.5    6.2 -999.9 -999.9  330.0
 wbarley 1997  5 12 132     7.7   16.6   24.4    3.5    0.1 -999.9 -999.9  330.0
 wbarley 1997  5 13 133     5.3   21.4   23.6    3.5   12.4 -999.9 -999.9  330.0
 wbarley 1997  5 14 134    10.1   15.6   12.5    3.5    3.6 -999.9 -999.9  330.0
 wbarley 1997  5 15 135     7.7   22.5   23.0    3.5    0.3 -999.9 -999.9  330.0
 wbarley 1997  5 16 136    14.2   24.4   17.8    3.5    0.0 -999.9 -999.9  330.0
 wbarley 1997  5 17 137    12.7   25.6   22.3    3.5    2.5 -999.9 -999.9  330.0
 wbarley 1997  5 18 138    15.1   19.2   13.9    3.5    0.3 -999.9 -999.9  330.0
 wbarley 1997  5 19 139     7.9   22.2   22.8    3.5    0.0 -999.9 -999.9  330.0
 wbarley 1997  5 20 140    10.9   17.2   15.7    3.5    5.3 -999.9 -999.9  330.0
 wbarley 1997  5 21 141    10.9   14.7   12.3    4.4    5.7 -999.9 -999.9  330.0
 wbarley 1997  5 22 142     9.7   14.0   11.9    4.4    0.0 -999.9 -999.9  330.0
 wbarley 1997  5 23 143     6.6   15.4   22.9    4.4    0.0 -999.9 -999.9  330.0
 wbarley 1997  5 24 144     7.8   15.3   29.3    4.4    0.0 -999.9 -999.9  330.0
 wbarley 1997  5 25 145     3.7   18.2   29.6    4.4    0.0 -999.9 -999.9  330.0
 wbarley 1997  5 26 146     4.6   20.0   28.8    4.4    0.0 -999.9 -999.9  330.0
 wbarley 1997  5 27 147     8.1   16.9   27.1    4.4    0.1 -999.9 -999.9  330.0
 wbarley 1997  5 28 148     4.1   16.7   29.9    4.4    0.0 -999.9 -999.9  330.0
 wbarley 1997  5 29 149     4.2   20.6   29.2    4.4    0.5 -999.9 -999.9  330.0
 wbarley 1997  5 30 150     6.5   21.2   29.0    4.4    0.0 -999.9 -999.9  330.0
 wbarley 1997  5 31 151     5.9   19.9   30.0    4.4    2.0 -999.9 -999.9  330.0
 wbarley 1997  6  1 152     5.3   15.1   21.5    4.5    0.6 -999.9 -999.9  330.0
 wbarley 1997  6  2 153    11.5   19.1   19.3    4.5    0.2 -999.9 -999.9  330.0
 wbarley 1997  6  3 154    11.8   21.8   21.9    4.5    0.1 -999.9 -999.9  330.0
 wbarley 1997  6  4 155     8.1   23.5   27.4    4.5    0.0 -999.9 -999.9  330.0
 wbarley 1997  6  5 156    10.2   23.9   18.4    4.5    1.0 -999.9 -999.9  330.0
 wbarley 1997  6  6 157    15.7   25.0   22.8    4.5    0.0 -999.9 -999.9  330.0
 wbarley 1997  6  7 158    14.6   24.6   17.7    4.5    5.0 -999.9 -999.9  330.0
 wbarley 1997  6  8 159    15.9   23.6   23.4    4.5    1.4 -999.9 -999.9  330.0
 wbarley 1997  6  9 160    10.6   22.3   23.4    4.5    0.2 -999.9 -999.9  330.0
 wbarley 1997  6 10 161    11.6   26.2   27.9    4.5    0.0 -999.9 -999.9  330.0
 wbarley 1997  6 11 162    14.3   26.1   14.6    3.6    6.8 -999.9 -999.9  330.0
 wbarley 1997  6 12 163    13.9   21.5   16.8    3.6    0.2 -999.9 -999.9  330.0
 wbarley 1997  6 13 164    11.1   21.2   17.0    3.6    7.8 -999.9 -999.9  330.0
 wbarley 1997  6 14 165    14.5   18.1   11.5    3.6    3.9 -999.9 -999.9  330.0
 wbarley 1997  6 15 166     7.9   19.6   26.7    3.6    1.8 -999.9 -999.9  330.0
 wbarley 1997  6 16 167    13.0   20.0   17.0    3.6   27.4 -999.9 -999.9  330.0
 wbarley 1997  6 17 168    12.4   16.4    8.9    3.6    4.0 -999.9 -999.9  330.0
 wbarley 1997  6 18 169     8.1   19.7   26.7    3.6    0.1 -999.9 -999.9  330.0
 wbarley 1997  6 19 170     9.7   20.1   17.4    3.6   10.5 -999.9 -999.9  330.0
 wbarley 1997  6 20 171    10.0   17.2   16.0    3.6    2.2 -999.9 -999.9  330.0
 wbarley 1997  6 21 172    13.0   17.2   15.6    3.0    2.4 -999.9 -999.9  330.0
 wbarley 1997  6 22 173     9.6   18.2   19.9    3.0    1.0 -999.9 -999.9  330.0
 wbarley 1997  6 23 174    12.4   17.4   12.0    3.0   13.5 -999.9 -999.9  330.0
 wbarley 1997  6 24 175    11.7   15.9   11.0    3.0    4.1 -999.9 -999.9  330.0
 wbarley 1997  6 25 176     8.2   15.3    8.3    3.0   14.1 -999.9 -999.9  330.0
 wbarley 1997  6 26 177    12.5   16.2   10.0    3.0    9.2 -999.9 -999.9  330.0
 wbarley 1997  6 27 178    11.3   17.0   17.9    3.0    2.8 -999.9 -999.9  330.0
 wbarley 1997  6 28 179    11.4   19.1   16.9    3.0    1.8 -999.9 -999.9  330.0
 wbarley 1997  6 29 180     9.6   18.0    9.8    3.0    3.2 -999.9 -999.9  330.0
 wbarley 1997  6 30 181    11.2   17.7   13.2    3.0    4.0 -999.9 -999.9  330.0
 wbarley 1997  7  1 182    11.0   17.8   18.2    4.0    1.4 -999.9 -999.9  330.0
 wbarley 1997  7  2 183    10.3   15.7    7.1    4.0    4.0 -999.9 -999.9  330.0
 wbarley 1997  7  3 184    10.7   17.9   22.4    4.0    5.2 -999.9 -999.9  330.0
 wbarley 1997  7  4 185    11.4   18.8   19.7    4.0    5.8 -999.9 -999.9  330.0
 wbarley 1997  7  5 186    11.3   17.8   17.9    4.0    0.1 -999.9 -999.9  330.0
 wbarley 1997  7  6 187    10.2   20.6   15.6    4.0    0.0 -999.9 -999.9  330.0
 wbarley 1997  7  7 188    12.8   23.3   27.0    4.0    0.1 -999.9 -999.9  330.0
 wbarley 1997  7  8 189    11.2   23.3   26.6    4.0    0.1 -999.9 -999.9  330.0
 wbarley 1997  7  9 190    10.0   22.5   26.1    4.0    0.0 -999.9 -999.9  330.0
 wbarley 1997  7 10 191    10.5   25.1   25.6    4.0    0.1 -999.9 -999.9  330.0
 wbarley 1997  7 11 192    13.0   25.8   27.3    4.1    0.1 -999.9 -999.9  330.0
 wbarley 1997  7 12 193    12.0   25.3   22.7    4.1    0.0 -999.9 -999.9  330.0
 wbarley 1997  7 13 194    12.7   25.5   22.5    4.1    1.2 -999.9 -999.9  330.0
 wbarley 1997  7 14 195    16.0   21.8   12.5    4.1   17.3 -999.9 -999.9  330.0
 wbarley 1997  7 15 196    10.5   22.0   20.2    4.1    0.1 -999.9 -999.9  330.0
 wbarley 1997  7 16 197    11.8   20.9   17.5    4.1    0.1 -999.9 -999.9  330.0
 wbarley 1997  7 17 198    11.0   21.0   19.1    4.1   11.6 -999.9 -999.9  330.0
 wbarley 1997  7 18 199    13.4   17.8   10.2    4.1    1.3 -999.9 -999.9  330.0
 wbarley 1997  7 19 200    14.7   23.8   20.3    4.1    0.4 -999.9 -999.9  330.0
 wbarley 1997  7 20 201    11.9   22.3   20.2    4.1    0.0 -999.9 -999.9  330.0
 wbarley 1997  7 21 202    10.8   24.4   23.9    4.2    0.1 -999.9 -999.9  330.0
 wbarley 1997  7 22 203    11.4   25.3   23.9    4.2    0.0 -999.9 -999.9  330.0
 wbarley 1997  7 23 204    11.0   27.0   27.0    4.2    0.0 -999.9 -999.9  330.0
 wbarley 1997  7 24 205    12.3   25.0   16.0    4.2    0.0 -999.9 -999.9  330.0
 wbarley 1997  7 25 206    16.0   19.8   12.4    4.2    0.1 -999.9 -999.9  330.0
 wbarley 1997  7 26 207    10.7   23.6   19.5    4.2    4.1 -999.9 -999.9  330.0
 wbarley 1997  7 27 208    17.3   22.7   16.3    4.2    0.1 -999.9 -999.9  330.0
 wbarley 1997  7 28 209     8.7   24.6   25.1    4.2    0.1 -999.9 -999.9  330.0
 wbarley 1997  7 29 210    10.6   26.7   24.9    4.2    0.0 -999.9 -999.9  330.0
 wbarley 1997  7 30 211    12.1   26.7   19.8    4.2    0.0 -999.9 -999.9  330.0
 wbarley 1997  7 31 212    12.6   17.3    7.0    4.2    5.8 -999.9 -999.9  330.0
 wbarley 1997  8  1 213    13.4   16.3    5.9    3.6    6.8 -999.9 -999.9  330.0
 wbarley 1997  8  2 214    16.2   22.1    7.5    3.6    0.7 -999.9 -999.9  330.0
 wbarley 1997  8  3 215    15.9   23.7   13.8    3.6    0.8 -999.9 -999.9  330.0
 wbarley 1997  8  4 216    16.6   29.0   15.2    3.6    0.4 -999.9 -999.9  330.0
 wbarley 1997  8  5 217    16.5   29.5   15.9    3.6    0.6 -999.9 -999.9  330.0
 wbarley 1997  8  6 218    18.9   25.5   13.1    3.6   12.7 -999.9 -999.9  330.0
 wbarley 1997  8  7 219    18.4   27.4   15.5    3.6    0.0 -999.9 -999.9  330.0
 wbarley 1997  8  8 220    16.5   28.8   18.8    3.6    0.1 -999.9 -999.9  330.0
 wbarley 1997  8  9 221    15.5   30.5   21.6    3.6    0.0 -999.9 -999.9  330.0
 wbarley 1997  8 10 222    14.5   30.5   24.4    3.6    0.0 -999.9 -999.9  330.0
 wbarley 1997  8 11 223    15.1   30.2   24.7    4.2    0.0 -999.9 -999.9  330.0
 wbarley 1997  8 12 224    14.7   31.7   22.0    4.2    0.0 -999.9 -999.9  330.0
 wbarley 1997  8 13 225    14.3   29.2   21.6    4.2    0.0 -999.9 -999.9  330.0
 wbarley 1997  8 14 226    12.8   26.1   18.0    4.2    0.0 -999.9 -999.9  330.0
 wbarley 1997  8 15 227    11.7   27.9   20.9    4.2    0.0 -999.9 -999.9  330.0
 wbarley 1997  8 16 228    13.0   27.7   22.9    4.2    0.0 -999.9 -999.9  330.0
 wbarley 1997  8 17 229    13.0   29.4   23.0    4.2    0.0 -999.9 -999.9  330.0
 wbarley 1997  8 18 230    14.0   29.2   20.5    4.2    0.0 -999.9 -999.9  330.0
 wbarley 1997  8 19 231    14.0   29.2   18.9    4.2    0.0 -999.9 -999.9  330.0
 wbarley 1997  8 20 232    12.4   28.4   22.1    4.2    0.0 -999.9 -999.9  330.0
 wbarley 1997  8 21 233    15.9   31.0   18.7    3.4    0.0 -999.9 -999.9  330.0
 wbarley 1997  8 22 234    16.6   26.4   10.7    3.4    0.0 -999.9 -999.9  330.0
 wbarley 1997  8 23 235    16.6   31.0   19.3    3.4    0.0 -999.9 -999.9  330.0
 wbarley 1997  8 24 236    17.1   33.6   18.8    3.4    0.0 -999.9 -999.9  330.0
 wbarley 1997  8 25 237    16.9   30.8   18.1    3.4    0.0 -999.9 -999.9  330.0
 wbarley 1997  8 26 238    15.2   23.8   14.4    3.4    0.0 -999.9 -999.9  330.0
 wbarley 1997  8 27 239    14.9   22.5    7.0    3.4   13.7 -999.9 -999.9  330.0
 wbarley 1997  8 28 240    13.3   19.6   13.1    3.4   12.2 -999.9 -999.9  330.0
 wbarley 1997  8 29 241    11.9   18.3   16.2    3.4    4.3 -999.9 -999.9  330.0
 wbarley 1997  8 30 242    13.5   23.0   12.9    3.4   11.2 -999.9 -999.9  330.0
 wbarley 1997  8 31 243    14.2   27.1   17.6    3.4    0.0 -999.9 -999.9  330.0
 wbarley 1997  9  1 244    13.2   19.8   10.1    2.4   10.4 -999.9 -999.9  330.0
 wbarley 1997  9  2 245    12.7   20.3   17.6    2.4    0.1 -999.9 -999.9  330.0
 wbarley 1997  9  3 246     8.2   22.7   18.9    2.4    0.0 -999.9 -999.9  330.0
 wbarley 1997  9  4 247    14.3   23.3   12.1    2.4    0.0 -999.9 -999.9  330.0
 wbarley 1997  9  5 248    15.2   18.7   10.2    2.4    0.1 -999.9 -999.9  330.0
 wbarley 1997  9  6 249     8.6   20.6   17.4    2.4    0.0 -999.9 -999.9  330.0
 wbarley 1997  9  7 250     9.8   18.1    9.9    2.4    0.7 -999.9 -999.9  330.0
 wbarley 1997  9  8 251     8.2   20.8   17.2    2.4    0.1 -999.9 -999.9  330.0
 wbarley 1997  9  9 252    10.0   19.2   10.4    2.4    0.1 -999.9 -999.9  330.0
 wbarley 1997  9 10 253     5.2   19.1   19.1    2.4    0.0 -999.9 -999.9  330.0
 wbarley 1997  9 11 254     6.9   23.8   18.9    2.5    0.0 -999.9 -999.9  330.0
 wbarley 1997  9 12 255    13.1   18.3    7.5    2.5    3.4 -999.9 -999.9  330.0
 wbarley 1997  9 13 256     9.5   15.9   17.2    2.5    0.1 -999.9 -999.9  330.0
 wbarley 1997  9 14 257     4.6   18.2   16.4    2.5    0.1 -999.9 -999.9  330.0
 wbarley 1997  9 15 258     2.4   19.2   16.3    2.5    0.0 -999.9 -999.9  330.0
 wbarley 1997  9 16 259     3.9   22.8   17.5    2.5    0.0 -999.9 -999.9  330.0
 wbarley 1997  9 17 260     8.5   25.2   15.1    2.5    0.0 -999.9 -999.9  330.0
 wbarley 1997  9 18 261    12.4   26.7   15.6    2.5    0.0 -999.9 -999.9  330.0
 wbarley 1997  9 19 262    12.1   24.3   13.0    2.5    0.0 -999.9 -999.9  330.0
 wbarley 1997  9 20 263     6.3   20.0   17.7    2.5    0.1 -999.9 -999.9  330.0
 wbarley 1997  9 21 264     2.7   19.9   16.0    1.9    0.0 -999.9 -999.9  330.0
 wbarley 1997  9 22 265     2.1   21.1   16.5    1.9    0.1 -999.9 -999.9  330.0
 wbarley 1997  9 23 266     2.3   22.8   16.3    1.9    0.1 -999.9 -999.9  330.0
 wbarley 1997  9 24 267     4.8   20.1   15.6    1.9    0.1 -999.9 -999.9  330.0
 wbarley 1997  9 25 268     3.4   22.4   15.9    1.9    0.1 -999.9 -999.9  330.0
 wbarley 1997  9 26 269     4.3   23.8   15.7    1.9    0.0 -999.9 -999.9  330.0
 wbarley 1997  9 27 270     4.4   23.7   14.9    1.9    0.1 -999.9 -999.9  330.0
 wbarley 1997  9 28 271     7.1   23.1   14.7    1.9    0.1 -999.9 -999.9  330.0
 wbarley 1997  9 29 272     6.4   22.5   10.4    1.9    0.0 -999.9 -999.9  330.0
 wbarley 1997  9 30 273     7.2   23.1   13.6    1.9    0.0 -999.9 -999.9  330.0
 wbarley 1997 10  1 274     8.7   22.7    8.9    1.7    0.0 -999.9 -999.9  330.0
 wbarley 1997 10  2 275    12.8   18.9   12.1    1.7    0.0 -999.9 -999.9  330.0
 wbarley 1997 10  3 276     2.3   16.6    9.4    1.7    0.0 -999.9 -999.9  330.0
 wbarley 1997 10  4 277     3.3   17.3   10.3    1.7    0.0 -999.9 -999.9  330.0
 wbarley 1997 10  5 278     3.9   18.0    8.3    1.7    0.1 -999.9 -999.9  330.0
 wbarley 1997 10  6 279     1.9   24.2   11.6    1.7    1.9 -999.9 -999.9  330.0
 wbarley 1997 10  7 280    14.8   18.0    5.9    1.7    0.5 -999.9 -999.9  330.0
 wbarley 1997 10  8 281    13.3   17.4    3.8    1.7    7.9 -999.9 -999.9  330.0
 wbarley 1997 10  9 282    16.3   21.5    8.3    1.7    0.6 -999.9 -999.9  330.0
 wbarley 1997 10 10 283    12.9   16.1    7.2    1.7    3.7 -999.9 -999.9  330.0
 wbarley 1997 10 11 284    10.4   14.2    4.5    1.0   12.9 -999.9 -999.9  330.0
 wbarley 1997 10 12 285     9.0   14.5    9.6    1.0    2.4 -999.9 -999.9  330.0
 wbarley 1997 10 13 286     4.3   10.4    6.1    1.0    3.7 -999.9 -999.9  330.0
 wbarley 1997 10 14 287     6.0    9.4    6.8    1.0    3.6 -999.9 -999.9  330.0
 wbarley 1997 10 15 288     6.1    9.1    1.4    1.0   11.0 -999.9 -999.9  330.0
 wbarley 1997 10 16 289     8.2   11.6    4.1    1.0    0.0 -999.9 -999.9  330.0
 wbarley 1997 10 17 290     8.1   17.0    9.6    1.0    0.1 -999.9 -999.9  330.0
 wbarley 1997 10 18 291     7.5   19.1   10.5    1.0    0.2 -999.9 -999.9  330.0
 wbarley 1997 10 19 292     8.3   19.5   10.3    1.0    0.2 -999.9 -999.9  330.0
 wbarley 1997 10 20 293     7.2   15.6    7.2    1.0    0.1 -999.9 -999.9  330.0
 wbarley 1997 10 21 294     5.8   12.9    9.5    0.7    0.0 -999.9 -999.9  330.0
 wbarley 1997 10 22 295    -0.1   11.1   10.4    0.7    0.1 -999.9 -999.9  330.0
 wbarley 1997 10 23 296    -2.2   11.9   10.8    0.7    0.1 -999.9 -999.9  330.0
 wbarley 1997 10 24 297     1.2   10.5    7.7    0.7    0.1 -999.9 -999.9  330.0
 wbarley 1997 10 25 298    -1.8   10.9    7.2    0.7    0.1 -999.9 -999.9  330.0
 wbarley 1997 10 26 299    -2.3   11.9    9.4    0.7    0.1 -999.9 -999.9  330.0
 wbarley 1997 10 27 300    -0.3   10.7    7.3    0.7    0.0 -999.9 -999.9  330.0
 wbarley 1997 10 28 301    -2.7    7.5    9.9    0.7    0.0 -999.9 -999.9  330.0
 wbarley 1997 10 29 302    -6.0   10.0    9.7    0.7    0.0 -999.9 -999.9  330.0
 wbarley 1997 10 30 303    -4.5   11.9    9.5    0.7    0.0 -999.9 -999.9  330.0
 wbarley 1997 10 31 304    -3.3    8.0    7.7    0.7    0.0 -999.9 -999.9  330.0
 wbarley 1997 11  1 305    -4.8    8.0    8.5    0.3    0.1 -999.9 -999.9  330.0
 wbarley 1997 11  2 306    -3.0    4.5    7.9    0.3    0.1 -999.9 -999.9  330.0
 wbarley 1997 11  3 307    -5.7   11.3    8.5    0.3    0.1 -999.9 -999.9  330.0
 wbarley 1997 11  4 308     4.1   11.3    2.9    0.3    3.4 -999.9 -999.9  330.0
 wbarley 1997 11  5 309     8.7   13.6    4.1    0.3    1.3 -999.9 -999.9  330.0
 wbarley 1997 11  6 310    10.3   13.1    2.9    0.3   18.3 -999.9 -999.9  330.0
 wbarley 1997 11  7 311     8.9   12.4    5.0    0.3    1.4 -999.9 -999.9  330.0
 wbarley 1997 11  8 312     8.9   12.1    5.8    0.3    3.2 -999.9 -999.9  330.0
 wbarley 1997 11  9 313     8.4   11.0    4.0    0.3    2.3 -999.9 -999.9  330.0
 wbarley 1997 11 10 314     8.2    8.8    2.1    0.3    2.5 -999.9 -999.9  330.0
 wbarley 1997 11 11 315     5.9    9.2    2.2    0.2    2.5 -999.9 -999.9  330.0
 wbarley 1997 11 12 316     4.2    7.8    2.8    0.2    1.4 -999.9 -999.9  330.0
 wbarley 1997 11 13 317     3.8    7.0    1.3    0.2    0.1 -999.9 -999.9  330.0
 wbarley 1997 11 14 318     3.2    7.7    2.6    0.2    0.0 -999.9 -999.9  330.0
 wbarley 1997 11 15 319     5.7    9.8    1.7    0.2   24.4 -999.9 -999.9  330.0
 wbarley 1997 11 16 320    10.1   10.7    1.1    0.2    1.0 -999.9 -999.9  330.0
 wbarley 1997 11 17 321     6.6    8.5    3.7    0.2    0.2 -999.9 -999.9  330.0
 wbarley 1997 11 18 322     2.3    8.7    5.4    0.2    0.7 -999.9 -999.9  330.0
 wbarley 1997 11 19 323     3.7    5.0    0.9    0.2    3.9 -999.9 -999.9  330.0
 wbarley 1997 11 20 324     3.6   11.4    2.1    0.2    2.0 -999.9 -999.9  330.0
 wbarley 1997 11 21 325     6.8   10.4    3.0    0.2    0.7 -999.9 -999.9  330.0
 wbarley 1997 11 22 326     4.1    6.7    2.7    0.2    7.6 -999.9 -999.9  330.0
 wbarley 1997 11 23 327     3.7    4.3    1.0    0.2    0.2 -999.9 -999.9  330.0
 wbarley 1997 11 24 328     2.6    3.8    2.4    0.2    0.0 -999.9 -999.9  330.0
 wbarley 1997 11 25 329     1.8   10.2    3.9    0.2    0.1 -999.9 -999.9  330.0
 wbarley 1997 11 26 330     2.9    8.2    1.7    0.2    0.0 -999.9 -999.9  330.0
 wbarley 1997 11 27 331     5.0    6.0    0.6    0.2    6.3 -999.9 -999.9  330.0
 wbarley 1997 11 28 332     3.6    9.5    0.9    0.2    7.9 -999.9 -999.9  330.0
 wbarley 1997 11 29 333     8.5   10.8    2.0    0.2    1.7 -999.9 -999.9  330.0
 wbarley 1997 11 30 334     7.4    9.3    1.1    0.2    2.8 -999.9 -999.9  330.0
 wbarley 1997 12  1 335     2.3    7.1    3.4    0.3    0.3 -999.9 -999.9  330.0
 wbarley 1997 12  2 336     0.8    2.1    1.5    0.3    2.6 -999.9 -999.9  330.0
 wbarley 1997 12  3 337     0.2    1.6    2.9    0.3    0.1 -999.9 -999.9  330.0
 wbarley 1997 12  4 338    -0.2    1.8    1.2    0.3    0.0 -999.9 -999.9  330.0
 wbarley 1997 12  5 339     0.3    0.8    2.2    0.3    0.0 -999.9 -999.9  330.0
 wbarley 1997 12  6 340    -1.4    1.6    1.9    0.3    0.0 -999.9 -999.9  330.0
 wbarley 1997 12  7 341    -1.7    2.7    4.6    0.3    1.2 -999.9 -999.9  330.0
 wbarley 1997 12  8 342     0.1    8.5    1.8    0.3    0.4 -999.9 -999.9  330.0
 wbarley 1997 12  9 343     7.5    9.8    2.7    0.3    0.1 -999.9 -999.9  330.0
 wbarley 1997 12 10 344     9.8   11.5    0.5    0.4    8.9 -999.9 -999.9  330.0
 wbarley 1997 12 11 345    11.0   13.1    0.8    0.4    4.1 -999.9 -999.9  330.0
 wbarley 1997 12 12 346     7.0    7.5    0.8    0.4    0.5 -999.9 -999.9  330.0
 wbarley 1997 12 13 347     1.7    6.8    4.6    0.4    0.0 -999.9 -999.9  330.0
 wbarley 1997 12 14 348     0.4    4.8    1.3    0.4    0.2 -999.9 -999.9  330.0
 wbarley 1997 12 15 349     1.0    3.2    3.3    0.4    0.0 -999.9 -999.9  330.0
 wbarley 1997 12 16 350    -3.3   -1.6    2.9    0.4    0.0 -999.9 -999.9  330.0
 wbarley 1997 12 17 351    -3.5    4.4    1.4    0.4    4.5 -999.9 -999.9  330.0
 wbarley 1997 12 18 352     2.3    9.1    0.5    0.4   11.8 -999.9 -999.9  330.0
 wbarley 1997 12 19 353     7.1   10.6    2.9    0.4    1.4 -999.9 -999.9  330.0
 wbarley 1997 12 20 354     3.4    4.8    1.5    0.4    0.4 -999.9 -999.9  330.0
 wbarley 1997 12 21 355     4.9    5.6    1.3    0.4    0.5 -999.9 -999.9  330.0
 wbarley 1997 12 22 356     3.9    4.4    0.6    0.4    0.0 -999.9 -999.9  330.0
 wbarley 1997 12 23 357     3.5   10.7    1.1    0.4    1.3 -999.9 -999.9  330.0
 wbarley 1997 12 24 358     6.6   11.8    1.2    0.4    5.4 -999.9 -999.9  330.0
 wbarley 1997 12 25 359     8.8   13.0    0.6    0.4    4.2 -999.9 -999.9  330.0
 wbarley 1997 12 26 360     7.2    9.4    2.2    0.4    5.8 -999.9 -999.9  330.0
 wbarley 1997 12 27 361     4.2    6.7    2.3    0.4    1.3 -999.9 -999.9  330.0
 wbarley 1997 12 28 362     2.7    5.3    3.6    0.4    0.0 -999.9 -999.9  330.0
 wbarley 1997 12 29 363     2.5    3.8    1.3    0.4    0.1 -999.9 -999.9  330.0
 wbarley 1997 12 30 364     1.4    8.7    4.1    0.4    0.9 -999.9 -999.9  330.0
 wbarley 1997 12 31 365     7.7    8.5    0.7    0.4    5.3 -999.9 -999.9  330.0
