radish- 1993  1  1   1    -8.0   -2.4    3.8    0.0    0.0 -999.9 -999.9  330.0
radish- 1993  1  2   2    -8.2    0.9    5.2    0.2    0.0 -999.9 -999.9  330.0
radish- 1993  1  3   3   -11.2   -3.5    4.5    0.1    0.0 -999.9 -999.9  330.0
radish- 1993  1  4   4   -12.0   -4.3    3.6    0.0    0.0 -999.9 -999.9  330.0
radish- 1993  1  5   5    -6.7    4.1    2.3    0.4    0.1 -999.9 -999.9  330.0
radish- 1993  1  6   6     2.4    7.3    0.7    0.0    2.4 -999.9 -999.9  330.0
radish- 1993  1  7   7     5.4    7.9    1.6    0.1    1.2 -999.9 -999.9  330.0
radish- 1993  1  8   8     2.5    8.4    2.2    0.1    1.1 -999.9 -999.9  330.0
radish- 1993  1  9   9    -1.2    9.6    1.2    0.0    0.0 -999.9 -999.9  330.0
radish- 1993  1 10  10     8.3   11.1    2.3    0.7    9.8 -999.9 -999.9  330.0
radish- 1993  1 11  11     8.3   12.3    0.5    0.1   11.5 -999.9 -999.9  330.0
radish- 1993  1 12  12     3.4   12.3    2.4    0.9    9.8 -999.9 -999.9  330.0
radish- 1993  1 13  13    -0.5   13.2    2.0    0.3    2.2 -999.9 -999.9  330.0
radish- 1993  1 14  14     5.2    9.8    4.2    0.1    0.0 -999.9 -999.9  330.0
radish- 1993  1 15  15     1.9   12.2    4.2    0.0    0.0 -999.9 -999.9  330.0
radish- 1993  1 16  16     7.9   13.6    3.4    0.5    0.0 -999.9 -999.9  330.0
radish- 1993  1 17  17     2.6   11.1    5.4    0.0    6.1 -999.9 -999.9  330.0
radish- 1993  1 18  18     2.5    7.4    3.0    0.0    1.7 -999.9 -999.9  330.0
radish- 1993  1 19  19     1.0    8.9    3.1    0.0    0.4 -999.9 -999.9  330.0
radish- 1993  1 20  20     6.9   10.1    2.7    0.4    0.0 -999.9 -999.9  330.0
radish- 1993  1 21  21     7.7   11.2    2.1    0.0    0.0 -999.9 -999.9  330.0
radish- 1993  1 22  22     8.7   11.0    1.5    0.5    0.0 -999.9 -999.9  330.0
radish- 1993  1 23  23     3.9   11.9    3.0    0.0    0.1 -999.9 -999.9  330.0
radish- 1993  1 24  24     9.1   11.0    1.4    1.0    4.4 -999.9 -999.9  330.0
radish- 1993  1 25  25     2.4    5.6    3.9    0.8    0.0 -999.9 -999.9  330.0
radish- 1993  1 26  26    -2.9    5.8    5.2    0.2    5.5 -999.9 -999.9  330.0
radish- 1993  1 27  27     1.7    8.3    2.8    0.0    2.3 -999.9 -999.9  330.0
radish- 1993  1 28  28     5.7   10.8    4.1    0.3    0.1 -999.9 -999.9  330.0
radish- 1993  1 29  29     6.1    9.1    1.7    0.1    0.7 -999.9 -999.9  330.0
radish- 1993  1 30  30     3.3    6.4    1.8    0.4    0.0 -999.9 -999.9  330.0
radish- 1993  1 31  31     0.8    2.4    1.3    0.1    0.0 -999.9 -999.9  330.0
radish- 1993  2  1  32     0.4    1.8    1.4    0.1    0.0 -999.9 -999.9  330.0
radish- 1993  2  2  33    -1.4    1.0    2.2    0.1    0.0 -999.9 -999.9  330.0
radish- 1993  2  3  34    -2.2    4.0    5.1    0.1    0.0 -999.9 -999.9  330.0
radish- 1993  2  4  35    -3.2   -2.0    1.2    0.0    0.0 -999.9 -999.9  330.0
radish- 1993  2  5  36    -3.1   -1.1    2.5    0.2    0.0 -999.9 -999.9  330.0
radish- 1993  2  6  37    -3.5    0.1    2.6    0.2    0.2 -999.9 -999.9  330.0
radish- 1993  2  7  38    -0.9    5.5    3.0    0.1    0.0 -999.9 -999.9  330.0
radish- 1993  2  8  39     2.2    3.3    1.0    0.0    0.0 -999.9 -999.9  330.0
radish- 1993  2  9  40     0.9    2.0    1.1    0.0    0.0 -999.9 -999.9  330.0
radish- 1993  2 10  41     1.3    2.9    2.1    0.3    0.0 -999.9 -999.9  330.0
radish- 1993  2 11  42     0.7    4.7    2.8    0.3    0.0 -999.9 -999.9  330.0
radish- 1993  2 12  43    -0.3    3.4    3.8    0.3    0.0 -999.9 -999.9  330.0
radish- 1993  2 13  44    -1.6    1.1    1.8    0.1    0.0 -999.9 -999.9  330.0
radish- 1993  2 14  45    -0.7    2.4    3.0    0.3    0.0 -999.9 -999.9  330.0
radish- 1993  2 15  46    -0.7   -0.5    0.1    0.0    0.0 -999.9 -999.9  330.0
radish- 1993  2 16  47    -1.3    3.8    2.3    0.2    0.1 -999.9 -999.9  330.0
radish- 1993  2 17  48    -1.0    7.7    1.6    0.0    0.7 -999.9 -999.9  330.0
radish- 1993  2 18  49     3.0    8.2    6.5    0.6    0.0 -999.9 -999.9  330.0
radish- 1993  2 19  50     3.1    7.2    3.8    1.1    0.2 -999.9 -999.9  330.0
radish- 1993  2 20  51    -0.2    6.7    5.4    0.6    0.7 -999.9 -999.9  330.0
radish- 1993  2 21  52     1.3    5.4    8.4    1.1    0.0 -999.9 -999.9  330.0
radish- 1993  2 22  53    -1.1    4.4    8.5    0.7    0.2 -999.9 -999.9  330.0
radish- 1993  2 23  54    -3.8    2.1   10.1    0.8    0.0 -999.9 -999.9  330.0
radish- 1993  2 24  55    -6.8    1.1    7.8    0.4    0.0 -999.9 -999.9  330.0
radish- 1993  2 25  56    -6.0    0.0    2.5    0.0    1.7 -999.9 -999.9  330.0
radish- 1993  2 26  57    -1.2    3.1    3.2    0.3    5.2 -999.9 -999.9  330.0
radish- 1993  2 27  58    -0.4    2.7    2.0    0.3    0.6 -999.9 -999.9  330.0
radish- 1993  2 28  59    -3.4    2.3    9.3    0.7    0.0 -999.9 -999.9  330.0
radish- 1993  3  1  60    -3.8    4.3    9.2    0.8    0.0 -999.9 -999.9  330.0
radish- 1993  3  2  61    -0.1    6.3    6.5    1.1    0.0 -999.9 -999.9  330.0
radish- 1993  3  3  62    -2.6    5.6   10.6    1.0    0.0 -999.9 -999.9  330.0
radish- 1993  3  4  63    -4.4    3.8   11.9    1.0    0.0 -999.9 -999.9  330.0
radish- 1993  3  5  64    -4.1    2.8    6.0    0.5    0.0 -999.9 -999.9  330.0
radish- 1993  3  6  65     0.2    9.2    3.7    0.4    0.0 -999.9 -999.9  330.0
radish- 1993  3  7  66     3.6    7.4    4.7    0.8    0.0 -999.9 -999.9  330.0
radish- 1993  3  8  67     0.3    8.7   14.6    1.9    0.0 -999.9 -999.9  330.0
radish- 1993  3  9  68    -2.7   10.1   13.6    1.2    0.0 -999.9 -999.9  330.0
radish- 1993  3 10  69     3.5   12.0    8.7    1.2    0.0 -999.9 -999.9  330.0
radish- 1993  3 11  70    -0.6   14.6   13.6    1.3    0.0 -999.9 -999.9  330.0
radish- 1993  3 12  71    -0.6   15.4   14.0    1.4    0.0 -999.9 -999.9  330.0
radish- 1993  3 13  72     0.5   15.3   14.7    1.7    0.0 -999.9 -999.9  330.0
radish- 1993  3 14  73     0.6   16.4   14.8    1.5    0.0 -999.9 -999.9  330.0
radish- 1993  3 15  74    -2.2   17.3   14.8    1.3    0.0 -999.9 -999.9  330.0
radish- 1993  3 16  75     0.4   17.1   10.5    1.3    0.2 -999.9 -999.9  330.0
radish- 1993  3 17  76     8.9   13.8    8.0    1.5    0.6 -999.9 -999.9  330.0
radish- 1993  3 18  77     3.5   14.0    8.2    1.1    0.0 -999.9 -999.9  330.0
radish- 1993  3 19  78     5.0   13.3   12.3    1.7    0.0 -999.9 -999.9  330.0
radish- 1993  3 20  79    -2.1   16.3   15.3    1.6    0.0 -999.9 -999.9  330.0
radish- 1993  3 21  80     3.0   16.5    8.6    1.3    0.4 -999.9 -999.9  330.0
radish- 1993  3 22  81     5.1   14.5    5.3    0.8    1.9 -999.9 -999.9  330.0
radish- 1993  3 23  82     1.4    9.8   12.5    1.4    0.0 -999.9 -999.9  330.0
radish- 1993  3 24  83     0.9   10.6   13.1    1.8    0.0 -999.9 -999.9  330.0
radish- 1993  3 25  84    -2.2    8.8   12.6    1.6    0.1 -999.9 -999.9  330.0
radish- 1993  3 26  85    -0.9    8.7   13.1    2.0    0.1 -999.9 -999.9  330.0
radish- 1993  3 27  86    -4.5    9.6   16.8    1.7    0.0 -999.9 -999.9  330.0
radish- 1993  3 28  87    -3.0    7.4   17.9    2.3    0.0 -999.9 -999.9  330.0
radish- 1993  3 29  88    -5.8   10.0   18.8    1.9    0.0 -999.9 -999.9  330.0
radish- 1993  3 30  89    -1.9   15.8   15.8    1.9    0.0 -999.9 -999.9  330.0
radish- 1993  3 31  90     3.2   20.7   15.2    2.8    0.4 -999.9 -999.9  330.0
radish- 1993  4  1  91     7.2   11.6    7.1    1.7    1.1 -999.9 -999.9  330.0
radish- 1993  4  2  92     0.1   11.0   13.3    1.7    0.0 -999.9 -999.9  330.0
radish- 1993  4  3  93    -1.8   12.7   17.0    1.8    2.6 -999.9 -999.9  330.0
radish- 1993  4  4  94     3.4   10.6    9.2    1.8    6.6 -999.9 -999.9  330.0
radish- 1993  4  5  95    -0.2    8.9    5.9    0.5    3.1 -999.9 -999.9  330.0
radish- 1993  4  6  96     4.0   12.8   15.4    2.3    0.0 -999.9 -999.9  330.0
radish- 1993  4  7  97     2.1   10.4    6.1    0.7    2.3 -999.9 -999.9  330.0
radish- 1993  4  8  98     6.4   13.9   12.3    2.0    0.0 -999.9 -999.9  330.0
radish- 1993  4  9  99     3.0   15.7   12.0    1.9    4.4 -999.9 -999.9  330.0
radish- 1993  4 10 100     1.9   16.5   20.3    2.3    3.4 -999.9 -999.9  330.0
radish- 1993  4 11 101     4.7   12.4   14.1    1.8    0.1 -999.9 -999.9  330.0
radish- 1993  4 12 102     1.1   12.7   12.0    1.5    0.5 -999.9 -999.9  330.0
radish- 1993  4 13 103     0.6   13.0   11.5    1.5    0.1 -999.9 -999.9  330.0
radish- 1993  4 14 104     1.6   13.7   14.3    1.7    4.6 -999.9 -999.9  330.0
radish- 1993  4 15 105     3.3   13.1   15.4    1.9    0.0 -999.9 -999.9  330.0
radish- 1993  4 16 106     5.5   13.7   10.5    1.8    0.0 -999.9 -999.9  330.0
radish- 1993  4 17 107     2.7   15.2   13.8    1.8    0.6 -999.9 -999.9  330.0
radish- 1993  4 18 108     8.3   15.1   11.2    1.9    0.0 -999.9 -999.9  330.0
radish- 1993  4 19 109     8.7   16.8   16.1    2.6    0.0 -999.9 -999.9  330.0
radish- 1993  4 20 110     6.1   23.0   23.0    3.6    0.0 -999.9 -999.9  330.0
radish- 1993  4 21 111     7.0   21.7   21.8    3.7    0.0 -999.9 -999.9  330.0
radish- 1993  4 22 112     7.9   16.3   11.2    2.1    3.9 -999.9 -999.9  330.0
radish- 1993  4 23 113     5.2   21.1   20.6    3.3    0.0 -999.9 -999.9  330.0
radish- 1993  4 24 114     9.0   20.3   13.8    3.3    0.1 -999.9 -999.9  330.0
radish- 1993  4 25 115     6.8   18.3   12.7    2.1    0.8 -999.9 -999.9  330.0
radish- 1993  4 26 116     9.1   20.6   21.2    4.0    0.0 -999.9 -999.9  330.0
radish- 1993  4 27 117    10.0   26.5   20.6    4.2    0.0 -999.9 -999.9  330.0
radish- 1993  4 28 118    13.8   25.0   22.4    5.2    0.0 -999.9 -999.9  330.0
radish- 1993  4 29 119     8.8   23.8   21.3    3.5    0.0 -999.9 -999.9  330.0
radish- 1993  4 30 120    11.4   20.6   20.0    3.4    0.0 -999.9 -999.9  330.0
radish- 1993  5  1 121     9.3   17.5   12.5    2.2    2.3 -999.9 -999.9  330.0
radish- 1993  5  2 122    10.0   13.1    3.1    0.5    0.4 -999.9 -999.9  330.0
radish- 1993  5  3 123     8.6   15.1   12.4    2.3    0.0 -999.9 -999.9  330.0
radish- 1993  5  4 124     8.5   18.1   21.9    4.2    0.0 -999.9 -999.9  330.0
radish- 1993  5  5 125     4.0   17.9   25.7    4.5    0.0 -999.9 -999.9  330.0
radish- 1993  5  6 126     2.9   16.8   17.4    3.2    0.5 -999.9 -999.9  330.0
radish- 1993  5  7 127     7.4   13.0    5.0    1.0    0.3 -999.9 -999.9  330.0
radish- 1993  5  8 128     9.1   21.8   17.3    3.3    2.0 -999.9 -999.9  330.0
radish- 1993  5  9 129    10.3   20.6   19.3    3.4    0.0 -999.9 -999.9  330.0
radish- 1993  5 10 130     6.4   24.6   25.8    4.3    0.0 -999.9 -999.9  330.0
radish- 1993  5 11 131    11.0   25.4   16.3    3.4    0.1 -999.9 -999.9  330.0
radish- 1993  5 12 132    10.2   19.9   13.9    2.4    3.9 -999.9 -999.9  330.0
radish- 1993  5 13 133    10.7   12.9    4.5    0.8    0.2 -999.9 -999.9  330.0
radish- 1993  5 14 134     8.9   19.2   16.0    2.9    2.6 -999.9 -999.9  330.0
radish- 1993  5 15 135     7.7   15.2   20.6    3.5    1.2 -999.9 -999.9  330.0
radish- 1993  5 16 136     3.1   18.5   25.5    3.6    0.0 -999.9 -999.9  330.0
radish- 1993  5 17 137     6.9   24.7   22.8    4.5    0.0 -999.9 -999.9  330.0
radish- 1993  5 18 138    11.5   17.6    8.3    1.7    0.5 -999.9 -999.9  330.0
radish- 1993  5 19 139     9.0   19.2   13.7    2.4   10.2 -999.9 -999.9  330.0
radish- 1993  5 20 140    11.5   17.7   15.9    3.0    0.8 -999.9 -999.9  330.0
radish- 1993  5 21 141     7.1   17.5   21.4    3.6    0.1 -999.9 -999.9  330.0
radish- 1993  5 22 142     4.3   19.7   26.1    4.0    0.0 -999.9 -999.9  330.0
radish- 1993  5 23 143     4.8   24.9   26.6    4.2    0.0 -999.9 -999.9  330.0
radish- 1993  5 24 144    11.1   24.9   24.7    4.6    0.0 -999.9 -999.9  330.0
radish- 1993  5 25 145    12.2   29.5   25.9    5.0    0.0 -999.9 -999.9  330.0
radish- 1993  5 26 146    14.7   27.2   18.3    4.2    5.0 -999.9 -999.9  330.0
radish- 1993  5 27 147    11.9   21.4   18.9    3.6    4.3 -999.9 -999.9  330.0
radish- 1993  5 28 148     9.9   17.3   15.9    2.9    0.1 -999.9 -999.9  330.0
radish- 1993  5 29 149     6.0   21.2   24.1    3.7    0.0 -999.9 -999.9  330.0
radish- 1993  5 30 150    12.9   20.2   14.4    3.3    1.3 -999.9 -999.9  330.0
radish- 1993  5 31 151     9.2   19.2   18.5    3.5    0.1 -999.9 -999.9  330.0
radish- 1993  6  1 152     8.3   23.3   27.1    4.4    1.0 -999.9 -999.9  330.0
radish- 1993  6  2 153    12.2   21.0   15.2    3.4    4.9 -999.9 -999.9  330.0
radish- 1993  6  3 154    11.9   19.3   16.9    3.2    0.1 -999.9 -999.9  330.0
radish- 1993  6  4 155     9.5   22.2   19.7    3.4    0.0 -999.9 -999.9  330.0
radish- 1993  6  5 156    10.8   26.2   21.1    4.0    0.0 -999.9 -999.9  330.0
radish- 1993  6  6 157    12.3   27.4   23.3    4.3    0.0 -999.9 -999.9  330.0
radish- 1993  6  7 158    14.3   27.7   25.5    5.0    0.0 -999.9 -999.9  330.0
radish- 1993  6  8 159    12.5   29.2   27.1    5.1    0.0 -999.9 -999.9  330.0
radish- 1993  6  9 160    15.2   31.4   25.3    5.5    0.7 -999.9 -999.9  330.0
radish- 1993  6 10 161    16.2   27.0   15.9    4.0    3.1 -999.9 -999.9  330.0
radish- 1993  6 11 162    13.4   20.1   18.8    4.7    1.0 -999.9 -999.9  330.0
radish- 1993  6 12 163    10.2   15.1    9.8    2.4    4.7 -999.9 -999.9  330.0
radish- 1993  6 13 164     9.8   17.7   11.3    2.3    0.8 -999.9 -999.9  330.0
radish- 1993  6 14 165     6.8   14.6    6.2    0.8    6.3 -999.9 -999.9  330.0
radish- 1993  6 15 166    12.3   20.1   12.0    2.5    0.1 -999.9 -999.9  330.0
radish- 1993  6 16 167     6.9   21.6   21.9    3.4    0.4 -999.9 -999.9  330.0
radish- 1993  6 17 168    12.7   21.5   19.4    3.9    0.0 -999.9 -999.9  330.0
radish- 1993  6 18 169     7.7   24.8   29.2    4.8    0.1 -999.9 -999.9  330.0
radish- 1993  6 19 170    12.0   27.0   27.3    5.0    0.0 -999.9 -999.9  330.0
radish- 1993  6 20 171    12.2   23.8   28.7    5.6    8.5 -999.9 -999.9  330.0
radish- 1993  6 21 172    11.6   22.2   21.7    4.2    0.0 -999.9 -999.9  330.0
radish- 1993  6 22 173    10.3   22.5   16.6    3.4    0.0 -999.9 -999.9  330.0
radish- 1993  6 23 174    11.0   21.6   22.9    4.7    0.0 -999.9 -999.9  330.0
radish- 1993  6 24 175     7.1   21.3   25.7    4.4    0.0 -999.9 -999.9  330.0
radish- 1993  6 25 176     7.1   23.5   23.5    4.1    0.0 -999.9 -999.9  330.0
radish- 1993  6 26 177     7.3   24.3   26.5    4.7    0.0 -999.9 -999.9  330.0
radish- 1993  6 27 178    15.4   25.2   17.5    4.4    0.0 -999.9 -999.9  330.0
radish- 1993  6 28 179     8.2   21.3   29.8    5.4    0.0 -999.9 -999.9  330.0
radish- 1993  6 29 180    11.2   27.5   28.0    5.9    0.0 -999.9 -999.9  330.0
radish- 1993  6 30 181    15.3   24.5   15.9    3.7    2.7 -999.9 -999.9  330.0
radish- 1993  7  1 182    15.6   27.5   18.9    4.0    0.7 -999.9 -999.9  330.0
radish- 1993  7  2 183    15.8   23.0   11.2    2.6    0.4 -999.9 -999.9  330.0
radish- 1993  7  3 184    13.1   28.0   26.1    5.1    0.0 -999.9 -999.9  330.0
radish- 1993  7  4 185    11.3   30.2   27.7    5.2    0.0 -999.9 -999.9  330.0
radish- 1993  7  5 186    14.1   24.4   10.3    2.9    0.2 -999.9 -999.9  330.0
radish- 1993  7  6 187     7.7   19.2   17.0    3.4    0.0 -999.9 -999.9  330.0
radish- 1993  7  7 188     5.2   23.1   23.7    4.1    0.0 -999.9 -999.9  330.0
radish- 1993  7  8 189     4.5   24.8   27.5    4.4    0.0 -999.9 -999.9  330.0
radish- 1993  7  9 190     7.3   27.4   26.3    5.3    0.0 -999.9 -999.9  330.0
radish- 1993  7 10 191    10.9   21.4   24.6    5.4    0.0 -999.9 -999.9  330.0
radish- 1993  7 11 192     5.2   19.9   20.8    3.7    0.2 -999.9 -999.9  330.0
radish- 1993  7 12 193     8.5   17.6   17.1    3.2    2.8 -999.9 -999.9  330.0
radish- 1993  7 13 194     6.6   20.6   21.6    3.7    3.2 -999.9 -999.9  330.0
radish- 1993  7 14 195    12.1   17.6    4.2    0.7    9.0 -999.9 -999.9  330.0
radish- 1993  7 15 196    13.4   24.6   13.8    2.8    0.9 -999.9 -999.9  330.0
radish- 1993  7 16 197    14.8   28.9   22.8    5.0    0.0 -999.9 -999.9  330.0
radish- 1993  7 17 198    15.1   25.9   19.5    4.3    0.0 -999.9 -999.9  330.0
radish- 1993  7 18 199    14.2   21.9   12.7    3.0    0.7 -999.9 -999.9  330.0
radish- 1993  7 19 200    12.7   18.4   10.2    2.3    6.9 -999.9 -999.9  330.0
radish- 1993  7 20 201    10.0   20.8   18.4    3.5    2.0 -999.9 -999.9  330.0
radish- 1993  7 21 202    10.0   21.7   14.4    3.0    0.0 -999.9 -999.9  330.0
radish- 1993  7 22 203     7.2   21.1   16.0    3.0    0.0 -999.9 -999.9  330.0
radish- 1993  7 23 204     8.5   23.3   14.3    2.7    0.0 -999.9 -999.9  330.0
radish- 1993  7 24 205    11.3   28.1   24.2    4.6    5.6 -999.9 -999.9  330.0
radish- 1993  7 25 206    13.7   20.8   20.7    4.7    1.2 -999.9 -999.9  330.0
radish- 1993  7 26 207     7.1   20.2   20.2    3.7    0.2 -999.9 -999.9  330.0
radish- 1993  7 27 208    11.4   20.0    9.3    2.5    2.1 -999.9 -999.9  330.0
radish- 1993  7 28 209    16.3   19.6    6.2    1.5    1.8 -999.9 -999.9  330.0
radish- 1993  7 29 210    12.3   29.9   26.0    5.0    0.0 -999.9 -999.9  330.0
radish- 1993  7 30 211    13.1   22.0    8.8    2.0    9.7 -999.9 -999.9  330.0
radish- 1993  7 31 212    12.2   20.2   15.8    3.3    0.0 -999.9 -999.9  330.0
radish- 1993  8  1 213     7.7   23.6   23.4    3.9    0.0 -999.9 -999.9  330.0
radish- 1993  8  2 214     8.9   27.0   25.6    4.4    0.0 -999.9 -999.9  330.0
radish- 1993  8  3 215     9.5   24.0   15.0    3.0    0.0 -999.9 -999.9  330.0
radish- 1993  8  4 216    10.0   25.4   18.5    3.5    0.0 -999.9 -999.9  330.0
radish- 1993  8  5 217    14.9   28.2   21.9    5.5    0.0 -999.9 -999.9  330.0
radish- 1993  8  6 218     7.4   23.7   23.2    4.0    0.0 -999.9 -999.9  330.0
radish- 1993  8  7 219     7.7   25.7   22.8    3.9    0.0 -999.9 -999.9  330.0
radish- 1993  8  8 220    10.4   26.6   21.5    4.3    0.0 -999.9 -999.9  330.0
radish- 1993  8  9 221    10.4   23.1   15.3    3.4    0.3 -999.9 -999.9  330.0
radish- 1993  8 10 222    15.3   22.9   15.7    4.4    0.0 -999.9 -999.9  330.0
radish- 1993  8 11 223     5.8   24.5   19.5    3.6    0.0 -999.9 -999.9  330.0
radish- 1993  8 12 224    11.3   26.3   11.6    3.6    0.1 -999.9 -999.9  330.0
radish- 1993  8 13 225     4.7   23.1   25.1    3.8    0.1 -999.9 -999.9  330.0
radish- 1993  8 14 226    10.3   27.4   13.2    3.0    1.1 -999.9 -999.9  330.0
radish- 1993  8 15 227    16.0   26.3   16.7    4.3    0.0 -999.9 -999.9  330.0
radish- 1993  8 16 228     8.3   28.1   21.6    3.8    0.0 -999.9 -999.9  330.0
radish- 1993  8 17 229    12.4   25.8   21.9    4.5    0.0 -999.9 -999.9  330.0
radish- 1993  8 18 230    11.2   27.5   21.9    4.1    0.0 -999.9 -999.9  330.0
radish- 1993  8 19 231    10.6   27.4   20.5    3.7    0.0 -999.9 -999.9  330.0
radish- 1993  8 20 232    10.1   29.4   22.1    3.9    0.0 -999.9 -999.9  330.0
radish- 1993  8 21 233    11.8   30.4   21.8    4.0    0.0 -999.9 -999.9  330.0
radish- 1993  8 22 234    16.3   27.8   15.5    5.2    0.4 -999.9 -999.9  330.0
radish- 1993  8 23 235     9.4   19.2   17.6    3.5    0.2 -999.9 -999.9  330.0
radish- 1993  8 24 236     6.7   18.8   14.1    2.7    0.0 -999.9 -999.9  330.0
radish- 1993  8 25 237     7.2   19.9   21.7    3.7    0.0 -999.9 -999.9  330.0
radish- 1993  8 26 238     4.4   20.9   20.3    3.1    0.0 -999.9 -999.9  330.0
radish- 1993  8 27 239     9.5   19.0   10.5    3.1    0.0 -999.9 -999.9  330.0
radish- 1993  8 28 240    11.0   21.1   18.2    4.2    0.0 -999.9 -999.9  330.0
radish- 1993  8 29 241     4.9   21.9   21.5    3.4    0.0 -999.9 -999.9  330.0
radish- 1993  8 30 242     4.1   22.5   19.3    2.9    0.0 -999.9 -999.9  330.0
radish- 1993  8 31 243     9.9   18.1   11.2    2.5    0.0 -999.9 -999.9  330.0
radish- 1993  9  1 244     8.4   21.4   19.8    3.6    0.0 -999.9 -999.9  330.0
radish- 1993  9  2 245     5.3   22.2   18.9    2.7    0.1 -999.9 -999.9  330.0
radish- 1993  9  3 246    13.0   20.1   11.0    2.6    0.7 -999.9 -999.9  330.0
radish- 1993  9  4 247     5.5   18.4   10.8    2.0    0.1 -999.9 -999.9  330.0
radish- 1993  9  5 248     5.6   18.1   13.3    2.3    0.0 -999.9 -999.9  330.0
radish- 1993  9  6 249     1.0   20.7   17.9    2.7    0.0 -999.9 -999.9  330.0
radish- 1993  9  7 250     9.6   22.4    9.9    2.3   19.7 -999.9 -999.9  330.0
radish- 1993  9  8 251    14.4   22.9   15.3    3.2    2.5 -999.9 -999.9  330.0
radish- 1993  9  9 252    12.9   21.0   10.7    2.1    3.8 -999.9 -999.9  330.0
radish- 1993  9 10 253    13.1   17.7    9.9    2.0    5.6 -999.9 -999.9  330.0
radish- 1993  9 11 254    11.7   16.3    6.3    1.2    9.0 -999.9 -999.9  330.0
radish- 1993  9 12 255    10.5   17.5    6.9    1.2    5.7 -999.9 -999.9  330.0
radish- 1993  9 13 256    11.0   16.4   10.9    2.4    2.1 -999.9 -999.9  330.0
radish- 1993  9 14 257    11.6   15.1    4.7    1.5    6.4 -999.9 -999.9  330.0
radish- 1993  9 15 258    11.7   16.1    7.5    1.6   12.3 -999.9 -999.9  330.0
radish- 1993  9 16 259     9.9   15.8   10.8    2.1    0.6 -999.9 -999.9  330.0
radish- 1993  9 17 260     5.9   18.4   14.4    1.8    0.2 -999.9 -999.9  330.0
radish- 1993  9 18 261     4.0   18.1   16.9    1.8    0.0 -999.9 -999.9  330.0
radish- 1993  9 19 262     9.4   23.3   16.8    2.4    0.0 -999.9 -999.9  330.0
radish- 1993  9 20 263    21.8   25.7    2.0    1.2    0.9 -999.9 -999.9  330.0
radish- 1993  9 21 264    15.9   19.0    5.8    1.3    4.8 -999.9 -999.9  330.0
radish- 1993  9 22 265    14.3   16.9    4.7    1.0    2.8 -999.9 -999.9  330.0
radish- 1993  9 23 266    12.6   17.3    7.5    1.4    0.1 -999.9 -999.9  330.0
radish- 1993  9 24 267    11.7   14.3    3.1    0.6   39.6 -999.9 -999.9  330.0
radish- 1993  9 25 268     9.6   11.8    2.4    0.5    5.7 -999.9 -999.9  330.0
radish- 1993  9 26 269     8.2   14.8    7.8    1.2    0.0 -999.9 -999.9  330.0
radish- 1993  9 27 270     6.0   14.3   11.1    1.3    0.2 -999.9 -999.9  330.0
radish- 1993  9 28 271     2.5   12.6    6.8    0.6    0.0 -999.9 -999.9  330.0
radish- 1993  9 29 272     6.2   16.6   14.3    1.7    1.2 -999.9 -999.9  330.0
radish- 1993  9 30 273     9.0   15.6   11.8    1.7    0.9 -999.9 -999.9  330.0
radish- 1993 10  1 274     9.0   16.6    3.8    1.4    2.2 -999.9 -999.9  330.0
radish- 1993 10  2 275     8.8   13.9    6.0    1.0    2.4 -999.9 -999.9  330.0
radish- 1993 10  3 276     8.5   15.1    6.7    1.0    1.7 -999.9 -999.9  330.0
radish- 1993 10  4 277     9.1   18.2    7.9    1.0    6.9 -999.9 -999.9  330.0
radish- 1993 10  5 278    13.0   16.6    3.4    0.7   13.4 -999.9 -999.9  330.0
radish- 1993 10  6 279    10.9   17.4   10.4    1.8    3.0 -999.9 -999.9  330.0
radish- 1993 10  7 280     8.7   16.7   10.6    1.5    0.6 -999.9 -999.9  330.0
radish- 1993 10  8 281     6.8   15.9    6.0    0.8    0.7 -999.9 -999.9  330.0
radish- 1993 10  9 282     5.4   15.4    8.2    1.1    3.2 -999.9 -999.9  330.0
radish- 1993 10 10 283     4.9   17.9   10.1    0.9    0.4 -999.9 -999.9  330.0
radish- 1993 10 11 284    12.0   19.8    8.1    1.1    2.5 -999.9 -999.9  330.0
radish- 1993 10 12 285    12.9   17.0    6.5    1.6    0.0 -999.9 -999.9  330.0
radish- 1993 10 13 286    10.7   17.2    5.5    1.2    7.9 -999.9 -999.9  330.0
radish- 1993 10 14 287    10.9   13.8    2.9    0.9    3.7 -999.9 -999.9  330.0
radish- 1993 10 15 288     6.4   10.1    4.4    0.7    0.3 -999.9 -999.9  330.0
radish- 1993 10 16 289     4.7   10.7    4.8    0.6    0.2 -999.9 -999.9  330.0
radish- 1993 10 17 290     6.1    8.9    4.2    1.2    0.3 -999.9 -999.9  330.0
radish- 1993 10 18 291     5.4    8.1    3.9    1.1    0.0 -999.9 -999.9  330.0
radish- 1993 10 19 292     5.7    9.6    4.7    0.7    0.0 -999.9 -999.9  330.0
radish- 1993 10 20 293     5.7    9.3    3.5    0.6    1.3 -999.9 -999.9  330.0
radish- 1993 10 21 294     1.1    7.9    4.8    0.3    0.4 -999.9 -999.9  330.0
radish- 1993 10 22 295     4.3    8.0    3.0    0.7    0.7 -999.9 -999.9  330.0
radish- 1993 10 23 296     4.8    6.2    1.1    0.2    7.2 -999.9 -999.9  330.0
radish- 1993 10 24 297     4.7    6.7    1.5    0.4    0.0 -999.9 -999.9  330.0
radish- 1993 10 25 298     3.3    8.9    5.3    0.8    0.0 -999.9 -999.9  330.0
radish- 1993 10 26 299     5.0    9.3    2.8    0.7    0.0 -999.9 -999.9  330.0
radish- 1993 10 27 300     4.8    9.4    7.4    0.8    0.0 -999.9 -999.9  330.0
radish- 1993 10 28 301     0.1   11.5    8.9    0.4    0.2 -999.9 -999.9  330.0
radish- 1993 10 29 302    -0.2    7.4    4.8    0.4    0.1 -999.9 -999.9  330.0
radish- 1993 10 30 303     0.2    5.4    2.2    0.1    0.0 -999.9 -999.9  330.0
radish- 1993 10 31 304     3.4    5.0    2.1    0.3    0.0 -999.9 -999.9  330.0
radish- 1993 11  1 305     1.4    6.6    4.4    0.4    0.0 -999.9 -999.9  330.0
radish- 1993 11  2 306     1.9   14.2    6.0    0.9    0.0 -999.9 -999.9  330.0
radish- 1993 11  3 307     8.6   18.4    7.0    0.6    0.0 -999.9 -999.9  330.0
radish- 1993 11  4 308     7.4   16.7    6.2    0.6    0.0 -999.9 -999.9  330.0
radish- 1993 11  5 309     3.7    6.1    1.7    0.1    0.0 -999.9 -999.9  330.0
radish- 1993 11  6 310     4.3    5.9    1.2    0.0    0.9 -999.9 -999.9  330.0
radish- 1993 11  7 311     5.4    6.4    0.7    0.0    2.1 -999.9 -999.9  330.0
radish- 1993 11  8 312     4.8    6.5    1.6    0.0    0.1 -999.9 -999.9  330.0
radish- 1993 11  9 313     4.3    7.9    3.8    0.1    0.0 -999.9 -999.9  330.0
radish- 1993 11 10 314     5.3    8.9    2.1    0.2    2.4 -999.9 -999.9  330.0
radish- 1993 11 11 315     2.7   10.6    6.7    0.1    1.0 -999.9 -999.9  330.0
radish- 1993 11 12 316    -0.1    7.9    3.9    0.5    0.4 -999.9 -999.9  330.0
radish- 1993 11 13 317    -0.8   11.0    2.9    1.2    2.5 -999.9 -999.9  330.0
radish- 1993 11 14 318     4.8   12.1    4.1    1.3    1.1 -999.9 -999.9  330.0
radish- 1993 11 15 319     4.1    8.4    4.1    0.6    2.4 -999.9 -999.9  330.0
radish- 1993 11 16 320    -0.2    5.5    6.3    0.2    0.0 -999.9 -999.9  330.0
radish- 1993 11 17 321    -1.6    4.6    6.5    0.3    0.0 -999.9 -999.9  330.0
radish- 1993 11 18 322    -2.5    3.3    6.2    0.2    0.0 -999.9 -999.9  330.0
radish- 1993 11 19 323    -3.3    2.3    6.0    0.3    0.0 -999.9 -999.9  330.0
radish- 1993 11 20 324    -6.4    1.4    6.0    0.2    0.0 -999.9 -999.9  330.0
radish- 1993 11 21 325    -6.4   -1.6    4.0    0.2    0.0 -999.9 -999.9  330.0
radish- 1993 11 22 326    -4.8   -1.4    2.9    0.1    0.0 -999.9 -999.9  330.0
radish- 1993 11 23 327   -10.6   -3.0    2.6    0.0    0.2 -999.9 -999.9  330.0
radish- 1993 11 24 328    -7.1    2.0    5.4    0.0    0.1 -999.9 -999.9  330.0
radish- 1993 11 25 329    -2.6    1.7    4.0    0.0    0.0 -999.9 -999.9  330.0
radish- 1993 11 26 330    -5.4    2.7    5.6    0.0    0.0 -999.9 -999.9  330.0
radish- 1993 11 27 331    -6.0   -1.5    0.7    0.0    0.0 -999.9 -999.9  330.0
radish- 1993 11 28 332    -5.0   -3.0    1.4    0.1    0.0 -999.9 -999.9  330.0
radish- 1993 11 29 333    -8.9    1.2    4.3    0.0    0.0 -999.9 -999.9  330.0
radish- 1993 11 30 334    -5.2   -1.7    0.8    0.0    4.2 -999.9 -999.9  330.0
radish- 1993 12  1 335    -2.2    2.2    2.5    0.0    3.0 -999.9 -999.9  330.0
radish- 1993 12  2 336     0.0    6.5    1.3    0.3    0.3 -999.9 -999.9  330.0
radish- 1993 12  3 337     5.2    7.8    1.2    0.5    0.0 -999.9 -999.9  330.0
radish- 1993 12  4 338     4.1    9.2    1.4    0.3    0.6 -999.9 -999.9  330.0
radish- 1993 12  5 339    -0.3    7.8    5.0    0.0    0.0 -999.9 -999.9  330.0
radish- 1993 12  6 340     2.8    7.0    2.4    0.1    0.0 -999.9 -999.9  330.0
radish- 1993 12  7 341     0.2    5.9    1.0    0.0    7.1 -999.9 -999.9  330.0
radish- 1993 12  8 342     2.8   11.1    0.9    0.0    2.6 -999.9 -999.9  330.0
radish- 1993 12  9 343     6.8    9.3    1.3    0.9    0.1 -999.9 -999.9  330.0
radish- 1993 12 10 344     5.4   10.5    1.3    0.3    8.8 -999.9 -999.9  330.0
radish- 1993 12 11 345     0.6    4.5    2.2    0.0    2.3 -999.9 -999.9  330.0
radish- 1993 12 12 346     0.0    9.3    2.4    0.4   12.2 -999.9 -999.9  330.0
radish- 1993 12 13 347     4.6   10.1    1.2    0.0    2.1 -999.9 -999.9  330.0
radish- 1993 12 14 348     2.0    5.3    0.9    0.2    1.9 -999.9 -999.9  330.0
radish- 1993 12 15 349    -0.5    5.3    1.6    0.1    6.7 -999.9 -999.9  330.0
radish- 1993 12 16 350     2.9    5.6    2.4    0.2    3.6 -999.9 -999.9  330.0
radish- 1993 12 17 351     3.1    9.3    1.2    0.0    3.3 -999.9 -999.9  330.0
radish- 1993 12 18 352     7.5   10.0    1.5    0.2    0.6 -999.9 -999.9  330.0
radish- 1993 12 19 353     8.6   13.0    0.5    0.0   27.4 -999.9 -999.9  330.0
radish- 1993 12 20 354     7.1   12.7    0.6    0.5   16.1 -999.9 -999.9  330.0
radish- 1993 12 21 355     2.1    8.6    1.5    0.5    1.5 -999.9 -999.9  330.0
radish- 1993 12 22 356     0.4    6.8    1.2    0.0    5.2 -999.9 -999.9  330.0
radish- 1993 12 23 357     1.6    5.9    2.1    0.0    5.8 -999.9 -999.9  330.0
radish- 1993 12 24 358     0.7    3.7    1.5    0.0    2.7 -999.9 -999.9  330.0
radish- 1993 12 25 359     0.0    3.8    3.4    0.0    0.1 -999.9 -999.9  330.0
radish- 1993 12 26 360    -2.4    2.2    2.2    0.0    0.1 -999.9 -999.9  330.0
radish- 1993 12 27 361     1.0    3.0    1.1    0.0    2.0 -999.9 -999.9  330.0
radish- 1993 12 28 362    -0.7    3.8    1.6    0.0    2.2 -999.9 -999.9  330.0
radish- 1993 12 29 363     0.1    9.2    1.2    0.3    1.4 -999.9 -999.9  330.0
radish- 1993 12 30 364     5.9   11.4    1.5    0.2    9.9 -999.9 -999.9  330.0
radish- 1993 12 31 365     6.0    9.7    0.7    0.0    4.0 -999.9 -999.9  330.0
