lusigna 1983  1  1   1    -3.0    7.0    1.0    0.6    0.5    3.6    5.7  330.0
lusigna 1983  1  2   2    -1.5    9.8    1.0    0.0    2.2    3.8    8.8  330.0
lusigna 1983  1  3   3     6.4   10.4    1.0    0.2    1.1    5.0   10.5  330.0
lusigna 1983  1  4   4     9.1   12.0    0.7    0.6   14.1    5.7   11.3  330.0
lusigna 1983  1  5   5     8.9   12.1    0.8    0.0    1.7    3.7   13.4  330.0
lusigna 1983  1  6   6     7.3   10.4    3.8    0.5    2.8    3.0   10.7  330.0
lusigna 1983  1  7   7     2.8   10.0    6.4    0.0    0.9    2.2    6.9  330.0
lusigna 1983  1  8   8     3.7   10.0    5.6    0.0    0.4    1.1    8.9  330.0
lusigna 1983  1  9   9    -1.0    8.1    5.4    0.2    0.0    1.7    6.1  330.0
lusigna 1983  1 10  10    -0.7    8.6    7.0    0.3    0.0    1.4    5.8  330.0
lusigna 1983  1 11  11    -2.0    4.3    1.9    0.3    0.3    1.6    5.7  330.0
lusigna 1983  1 12  12     0.0    5.8    4.6    0.2    0.3    2.8    6.9  330.0
lusigna 1983  1 13  13     0.9    7.5    1.5    0.1    1.9    2.3    8.0  330.0
lusigna 1983  1 14  14    -1.0    9.0    1.1    0.7    5.4    3.5    6.3  330.0
lusigna 1983  1 15  15     6.0    9.8    2.4    0.2    0.5    2.5   10.4  330.0
lusigna 1983  1 16  16     7.2    9.7    2.5    0.5    0.2    1.6   10.0  330.0
lusigna 1983  1 17  17     5.4    7.4    1.7    0.3    0.0    1.8    8.7  330.0
lusigna 1983  1 18  18     4.0    7.8    2.3    0.6    0.0    1.7    7.7  330.0
lusigna 1983  1 19  19     3.0    5.7    7.1    0.0    0.0    2.8    6.6  330.0
lusigna 1983  1 20  20    -1.9    3.9    5.1    0.0    0.0    0.8    5.1  330.0
lusigna 1983  1 21  21    -4.1    4.3    7.9    0.0    0.3    2.8    4.7  330.0
lusigna 1983  1 22  22    -3.5    5.0    7.6    0.0    0.0    2.4    5.6  330.0
lusigna 1983  1 23  23    -4.0   10.3    8.3    0.0    0.0    0.7    4.9  330.0
lusigna 1983  1 24  24    -2.3   12.3    7.1    0.4    0.0    1.6    5.2  330.0
lusigna 1983  1 25  25     5.0   12.3    4.1    1.5    0.0    2.2    6.5  330.0
lusigna 1983  1 26  26     6.0   15.3    5.4    1.3    0.0    2.3    7.3  330.0
lusigna 1983  1 27  27     6.0   13.4    5.2    1.3    0.6    3.2    8.1  330.0
lusigna 1983  1 28  28     6.4   10.8    2.2    1.0    2.5    3.3    8.7  330.0
lusigna 1983  1 29  29     7.0   12.2    3.3    0.3    4.4    4.2   11.9  330.0
lusigna 1983  1 30  30     7.6   10.5    4.9    0.5    5.0    3.6   10.5  330.0
lusigna 1983  1 31  31     3.5   10.6    2.1    1.2    2.5    6.3    8.1  330.0
lusigna 1983  2  1  32     4.4   10.8    2.5    0.0    2.3    3.6   10.9  330.0
lusigna 1983  2  2  33     1.2    9.7   10.1    0.5    0.4    1.8    6.8  330.0
lusigna 1983  2  3  34     1.5    9.1    6.6    0.5    1.1    1.4    6.8  330.0
lusigna 1983  2  4  35     4.5    8.0    3.0    0.5    3.5    3.7    9.0  330.0
lusigna 1983  2  5  36     5.9   11.0    2.9    0.0    1.0    2.8   10.4  330.0
lusigna 1983  2  6  37     4.0    7.6    5.7    1.4    1.5    3.7    7.4  330.0
lusigna 1983  2  7  38     2.0    4.7    4.9    0.8    0.3    2.8    6.4  330.0
lusigna 1983  2  8  39    -0.5    2.4    2.4    0.5    0.0    3.7    5.7  330.0
lusigna 1983  2  9  40    -1.5    0.4    4.8    0.5    0.0    3.2    5.3  330.0
lusigna 1983  2 10  41    -3.2    0.4    6.4    0.9    0.1    2.6    4.1  330.0
lusigna 1983  2 11  42    -3.3   -0.9    3.4    0.8    0.0    4.0    4.1  330.0
lusigna 1983  2 12  43    -3.4   -0.4    4.6    1.1    0.0    4.2    3.8  330.0
lusigna 1983  2 13  44    -2.9    0.1    3.9    1.0    0.4    3.9    4.1  330.0
lusigna 1983  2 14  45    -6.5    1.9   10.1    0.2    0.0    1.5    4.5  330.0
lusigna 1983  2 15  46    -4.4    1.8    5.8    1.0    0.0    3.0    4.3  330.0
lusigna 1983  2 16  47    -2.5    0.1    3.8    0.8    0.0    2.8    4.3  330.0
lusigna 1983  2 17  48    -4.5    3.9    6.7    1.1    0.0    3.2    4.1  330.0
lusigna 1983  2 18  49    -4.4    5.0   11.5    0.8    0.0    1.9    3.7  330.0
lusigna 1983  2 19  50    -3.0   11.6   12.4    0.8    0.0    1.3    5.2  330.0
lusigna 1983  2 20  51    -4.0   10.4   12.6    1.4    0.0    3.0    4.1  330.0
lusigna 1983  2 21  52    -1.1    6.8   11.6    1.6    0.0    4.6    4.8  330.0
lusigna 1983  2 22  53    -2.5    9.0   10.3    1.2    0.5    2.5    5.0  330.0
lusigna 1983  2 23  54     3.5    9.8    1.9    0.9    7.7    5.0    8.1  330.0
lusigna 1983  2 24  55     6.5   13.0    7.5    2.6   11.7    5.5    7.4  330.0
lusigna 1983  2 25  56     7.0   13.4    3.1    1.4   20.4    4.7    9.9  330.0
lusigna 1983  2 26  57     9.5   11.8    4.8    1.7    4.6    4.0    9.5  330.0
lusigna 1983  2 27  58     4.5   10.0    4.9    1.0    2.8    3.2    9.2  330.0
lusigna 1983  2 28  59     6.8   10.0    6.4    1.0    1.3    1.8    8.8  330.0
lusigna 1983  3  1  60     4.0    9.2    8.2    1.1    0.0    1.5    7.3  330.0
lusigna 1983  3  2  61     1.2    9.9   10.7    1.3    0.0    0.9    7.2  330.0
lusigna 1983  3  3  62     0.1   11.7   14.1    1.2    0.0    1.7    6.4  330.0
lusigna 1983  3  4  63     0.5   14.2   12.0    1.8    0.0    2.7    6.6  330.0
lusigna 1983  3  5  64     2.7    7.0    5.2    0.9    0.3    2.3    7.6  330.0
lusigna 1983  3  6  65    -1.0    9.0   12.6    1.3    0.3    1.8    6.4  330.0
lusigna 1983  3  7  66    -1.1   11.8   15.1    1.5    0.0    2.6    6.6  330.0
lusigna 1983  3  8  67     0.6   18.5   15.5    1.6    0.0    1.1    7.1  330.0
lusigna 1983  3  9  68     2.9   16.9   12.2    1.8    0.3    1.6    8.9  330.0
lusigna 1983  3 10  69     4.9    8.4    4.5    0.7    0.2    1.6    9.0  330.0
lusigna 1983  3 11  70     4.5    8.4    4.6    0.7    0.2    2.1    8.7  330.0
lusigna 1983  3 12  71     2.2   14.4   14.6    2.1    0.0    2.7    7.6  330.0
lusigna 1983  3 13  72     2.0   17.6   12.7    2.3    0.7    3.8    8.4  330.0
lusigna 1983  3 14  73     8.5   14.4    6.7    1.4    7.1    3.5   11.5  330.0
lusigna 1983  3 15  74     5.1   10.3   10.7    1.5    1.4    2.6    8.7  330.0
lusigna 1983  3 16  75     1.5   11.4   14.9    1.8    0.3    1.5    7.3  330.0
lusigna 1983  3 17  76     2.0   13.0    4.7    0.6    0.0    1.8   10.5  330.0
lusigna 1983  3 18  77     7.5   12.0    4.7    0.8    0.3    2.0   11.3  330.0
lusigna 1983  3 19  78     9.5   11.0    4.1    0.7    0.0    1.1   11.6  330.0
lusigna 1983  3 20  79     5.5   14.7   14.6    2.0    0.2    1.6    9.7  330.0
lusigna 1983  3 21  80     7.9   11.8    7.5    1.4    2.0    3.4   11.2  330.0
lusigna 1983  3 22  81     5.6   11.1    3.8    0.6    1.4    3.2    8.9  330.0
lusigna 1983  3 23  82     5.4   11.0    4.8    0.2   11.9    5.6   11.7  330.0
lusigna 1983  3 24  83     7.2   10.8    7.2    1.8    7.9    4.5    9.2  330.0
lusigna 1983  3 25  84     0.5    8.9   12.9    1.8    1.5    3.8    6.2  330.0
lusigna 1983  3 26  85     2.5    8.8   14.5    2.3    7.3    3.4    6.3  330.0
lusigna 1983  3 27  86     4.5   11.3   10.3    1.4    2.9    2.2    9.6  330.0
lusigna 1983  3 28  87     1.5    7.5    5.3    0.3    0.3    3.2    8.8  330.0
lusigna 1983  3 29  88    -0.8    9.1   13.7    1.7    1.1    3.0    6.5  330.0
lusigna 1983  3 30  89     1.9   12.6    9.1    1.1    2.0    3.1   10.4  330.0
lusigna 1983  3 31  90     5.9   11.6    9.5    1.5    3.3    2.6   10.0  330.0
lusigna 1983  4  1  91    -0.5    9.8   10.4    1.2    1.5    1.8    8.5  330.0
lusigna 1983  4  2  92     0.9    8.4    5.8    1.0    0.8    2.6    7.7  330.0
lusigna 1983  4  3  93     0.5    7.0   13.3    1.6    2.5    3.4    7.2  330.0
lusigna 1983  4  4  94    -1.0   12.2   13.9    1.6    4.5    3.3    8.1  330.0
lusigna 1983  4  5  95     3.7   10.6    9.1    1.6   26.0    5.2    9.2  330.0
lusigna 1983  4  6  96     5.5   11.9   12.5    2.3    9.1    3.7    8.9  330.0
lusigna 1983  4  7  97     5.5   12.5    3.2    0.2   31.0    6.7   11.7  330.0
lusigna 1983  4  8  98     9.4   14.0    3.1    0.3   44.0    6.1   13.9  330.0
lusigna 1983  4  9  99    12.0   16.6    8.6    1.7    1.5    2.3   14.0  330.0
lusigna 1983  4 10 100     9.0   16.3   13.0    2.0    3.8    3.2   14.0  330.0
lusigna 1983  4 11 101     5.5   11.8   14.3    2.3    1.9    3.7    9.3  330.0
lusigna 1983  4 12 102     3.5    9.0   13.6    1.9    0.0    2.5    6.4  330.0
lusigna 1983  4 13 103     0.5   10.4   20.4    2.0    0.0    1.4    7.1  330.0
lusigna 1983  4 14 104     0.5   13.3   21.0    2.3    0.2    1.5    8.1  330.0
lusigna 1983  4 15 105     3.2   16.2   23.5    3.0    0.0    3.1    9.5  330.0
lusigna 1983  4 16 106     5.0   19.2   15.8    4.3    0.0    4.8    8.7  330.0
lusigna 1983  4 17 107     9.5   17.2   12.3    4.3    1.5    4.6    9.0  330.0
lusigna 1983  4 18 108     9.2   12.6    4.0    0.9    8.6    2.2   11.6  330.0
lusigna 1983  4 19 109     1.4   11.7   13.9    1.5    1.0    1.4    9.0  330.0
lusigna 1983  4 20 110     4.0   16.0    6.3    1.6   16.9    3.4   10.0  330.0
lusigna 1983  4 21 111     5.5   11.0    8.5    1.4   12.2    3.9    9.5  330.0
lusigna 1983  4 22 112     6.0   17.0   14.0    3.4    0.0    4.3    9.5  330.0
lusigna 1983  4 23 113     7.0   13.0   13.6    2.1    1.5    2.7    9.9  330.0
lusigna 1983  4 24 114     3.0   14.7   11.3    1.8   11.1    3.0    9.5  330.0
lusigna 1983  4 25 115     4.6   14.6   19.7    2.5    0.4    2.7   10.4  330.0
lusigna 1983  4 26 116     6.4   15.9   21.4    2.9    5.5    1.9   10.5  330.0
lusigna 1983  4 27 117     4.0   12.6   10.9    1.3    7.2    1.8   10.1  330.0
lusigna 1983  4 28 118     3.0   13.6   10.1    1.3    5.3    1.0   10.9  330.0
lusigna 1983  4 29 119     2.5   18.0   20.9    2.6    3.8    1.9   12.4  330.0
lusigna 1983  4 30 120     7.5   16.5   11.4    1.9    2.7    3.9   12.7  330.0
lusigna 1983  5  1 121     8.6   13.9   18.0    2.9   14.7    4.4   11.6  330.0
lusigna 1983  5  2 122     6.8   13.2    8.5    1.4    7.0    3.8   11.2  330.0
lusigna 1983  5  3 123     4.8   14.8    9.8    1.6    3.8    1.9   11.6  330.0
lusigna 1983  5  4 124     4.8   17.2   10.8    1.2    0.2    1.2   12.3  330.0
lusigna 1983  5  5 125     6.6   23.7   26.5    4.4    0.5    1.5   13.9  330.0
lusigna 1983  5  6 126    11.1   17.2   10.2    1.9    1.4    1.6   14.6  330.0
lusigna 1983  5  7 127     9.8   15.0   12.2    2.1    6.5    2.9   12.7  330.0
lusigna 1983  5  8 128     8.0   15.1   16.8    2.7    3.3    2.6   11.9  330.0
lusigna 1983  5  9 129     9.4   15.2   10.3    2.0    4.2    3.1   13.2  330.0
lusigna 1983  5 10 130     7.0   13.0   18.0    3.0   16.3    5.1   10.8  330.0
lusigna 1983  5 11 131     7.0   13.3   18.5    3.0    4.6    5.4   10.8  330.0
lusigna 1983  5 12 132     7.5   12.7   10.0    1.5    7.0    3.2   11.5  330.0
lusigna 1983  5 13 133     6.5   16.0   20.7    2.8    1.4    1.2   11.1  330.0
lusigna 1983  5 14 134     5.0   18.8   22.4    3.6    6.5    1.6   10.5  330.0
lusigna 1983  5 15 135     9.0   16.0   20.5    3.3    0.0    2.5   11.1  330.0
lusigna 1983  5 16 136     7.0   14.3   14.0    2.1    4.1    2.8   10.4  330.0
lusigna 1983  5 17 137     4.4   14.7   17.2    2.1    5.3    4.1   11.9  330.0
lusigna 1983  5 18 138     8.4   14.2   14.8    2.7   11.9    4.3   11.5  330.0
lusigna 1983  5 19 139     7.5   14.8   17.4    2.7   11.8    1.8   11.9  330.0
lusigna 1983  5 20 140     6.9   12.8    9.7    1.9    4.3    1.0   10.1  330.0
lusigna 1983  5 21 141     6.5   14.8   19.0    2.8    3.7    1.9   10.9  330.0
lusigna 1983  5 22 142     5.5   15.3   19.7    2.6    1.3    1.9   11.9  330.0
lusigna 1983  5 23 143     5.1   14.0   10.8    1.5   10.1    2.1   11.3  330.0
lusigna 1983  5 24 144     6.1   15.2   12.1    2.1    0.2    1.9   11.1  330.0
lusigna 1983  5 25 145     6.4   17.6   19.6    3.3    0.0    1.8   10.5  330.0
lusigna 1983  5 26 146     5.1   18.1   17.7    2.7    0.0    2.2   12.4  330.0
lusigna 1983  5 27 147     7.3   15.9   26.2    3.9    0.0    2.0   10.0  330.0
lusigna 1983  5 28 148     5.6   18.0   24.8    3.5    0.2    2.0   12.3  330.0
lusigna 1983  5 29 149     6.5   17.6   20.4    3.1    0.0    1.0   11.5  330.0
lusigna 1983  5 30 150     7.6   22.6   24.3    4.5    5.6    1.7   12.1  330.0
lusigna 1983  5 31 151    11.5   24.1   20.3    4.2    6.5    2.7   16.0  330.0
lusigna 1983  6  1 152    13.0   20.8   19.2    3.6    0.4    3.2   16.7  330.0
lusigna 1983  6  2 153    10.0   20.9   21.3    3.8    0.0    0.9   14.2  330.0
lusigna 1983  6  3 154    12.5   27.0   25.5    4.8    0.0    1.3   17.7  330.0
lusigna 1983  6  4 155    15.0   29.6   26.1    5.2    0.0    1.2   20.6  330.0
lusigna 1983  6  5 156    14.3   28.8   25.5    5.1    0.0    1.4   17.0  330.0
lusigna 1983  6  6 157    14.3   29.6   23.1    4.7    0.0    1.0   19.6  330.0
lusigna 1983  6  7 158    17.4   31.5   24.6    5.2    0.0    1.4   23.4  330.0
lusigna 1983  6  8 159    16.7   24.5   18.0    4.0    0.2    1.6   19.4  330.0
lusigna 1983  6  9 160    13.5   24.1   23.8    4.9    0.0    1.8   14.4  330.0
lusigna 1983  6 10 161    11.6   24.4   27.8    4.8    0.0    1.7   16.3  330.0
lusigna 1983  6 11 162    12.0   25.0   26.6    4.9    0.0    1.2   15.8  330.0
lusigna 1983  6 12 163    12.0   22.6   27.6    4.9    0.7    2.3   14.7  330.0
lusigna 1983  6 13 164    10.1   20.2   29.3    5.0    0.1    1.8   10.7  330.0
lusigna 1983  6 14 165     8.6   21.5   22.4    3.6    0.0    2.2   13.6  330.0
lusigna 1983  6 15 166     7.5   19.8   21.5    3.7    0.0    2.4    9.5  330.0
lusigna 1983  6 16 167     7.6   20.6   26.8    5.2    0.4    3.4   10.1  330.0
lusigna 1983  6 17 168    11.6   20.6   27.7    6.5    0.0    4.3    8.7  330.0
lusigna 1983  6 18 169     7.0   18.8   25.1    4.8    0.2    4.1   10.3  330.0
lusigna 1983  6 19 170     8.0   23.0   23.4    4.5    0.0    3.0   11.7  330.0
lusigna 1983  6 20 171    11.9   23.0   19.1    4.0    0.0    1.3   15.1  330.0
lusigna 1983  6 21 172    14.5   22.2   13.7    3.3    2.6    1.3   14.5  330.0
lusigna 1983  6 22 173    14.8   21.2   10.4    2.9    0.8    1.1   14.0  330.0
lusigna 1983  6 23 174    14.9   22.2   15.3    3.8    0.2    1.2   13.4  330.0
lusigna 1983  6 24 175    13.7   25.0   19.9    4.4    1.5    1.3   16.2  330.0
lusigna 1983  6 25 176    16.0   22.3   13.7    3.1    1.3    1.9   19.5  330.0
lusigna 1983  6 26 177    13.7   22.2   20.4    4.6    1.2    1.9   12.9  330.0
lusigna 1983  6 27 178    13.4   20.3   11.6    2.6    0.0    2.1   17.0  330.0
lusigna 1983  6 28 179    11.6   20.2   24.0    4.7    0.0    2.3   11.8  330.0
lusigna 1983  6 29 180    12.0   20.0   19.0    4.3    0.0    2.0    9.2  330.0
lusigna 1983  6 30 181    10.0   21.8    8.7    3.3    1.3    2.1    9.4  330.0
lusigna 1983  7  1 182    10.4   22.8   23.3    3.9    0.0    1.1   15.9  330.0
lusigna 1983  7  2 183     9.6   25.0   28.3    5.0    0.0    2.0   14.7  330.0
lusigna 1983  7  3 184    14.0   27.3   25.7    6.0    0.0    3.1   14.6  330.0
lusigna 1983  7  4 185    15.8   26.9   19.2    4.6    0.0    1.7   17.7  330.0
lusigna 1983  7  5 186    13.6   25.1   15.8    3.2    7.4    1.1   18.8  330.0
lusigna 1983  7  6 187    13.7   25.2   16.4    3.2    0.7    1.3   19.5  330.0
lusigna 1983  7  7 188    14.5   24.5   15.7    3.3    0.0    0.8   18.1  330.0
lusigna 1983  7  8 189    12.5   30.0   27.2    5.1    0.0    1.3   19.5  330.0
lusigna 1983  7  9 190    16.4   32.0   27.4    5.8    0.0    1.4   18.8  330.0
lusigna 1983  7 10 191    17.5   33.6   26.8    5.7    0.0    1.0   22.0  330.0
lusigna 1983  7 11 192    18.4   34.0   26.2    6.0    0.0    1.7   23.2  330.0
lusigna 1983  7 12 193    19.5   33.6   26.2    6.3    0.0    1.9   20.2  330.0
lusigna 1983  7 13 194    19.0   31.8   26.1    6.1    0.0    2.3   21.7  330.0
lusigna 1983  7 14 195    16.5   29.6   26.1    5.6    0.0    2.1   18.6  330.0
lusigna 1983  7 15 196    14.0   31.0   29.0    5.9    0.0    1.4   13.5  330.0
lusigna 1983  7 16 197    13.5   31.2   25.0    5.5   22.2    1.9   16.5  330.0
lusigna 1983  7 17 198    17.0   27.5   16.9    4.2    0.0    1.1   18.4  330.0
lusigna 1983  7 18 199    16.4   29.6   23.7    5.0    8.0    1.8   21.1  330.0
lusigna 1983  7 19 200    16.1   28.4   23.3    4.5    0.0    1.1   22.4  330.0
lusigna 1983  7 20 201    18.1   29.5   22.2    4.8    0.0    3.2   24.9  330.0
lusigna 1983  7 21 202    18.6   30.1   20.6    5.6    0.0    2.6   18.1  330.0
lusigna 1983  7 22 203    20.0   27.8   21.9    4.9    1.0    1.8   21.4  330.0
lusigna 1983  7 23 204    15.2   27.8   18.5    4.3    0.3    1.5   19.5  330.0
lusigna 1983  7 24 205    14.1   26.6   20.5    4.0    7.8    1.6   18.6  330.0
lusigna 1983  7 25 206    17.1   28.0   18.5    4.5    2.4    2.1   20.1  330.0
lusigna 1983  7 26 207    16.5   29.5   18.4    4.6   17.9    2.3   20.9  330.0
lusigna 1983  7 27 208    18.6   25.4    9.7    2.7    0.0    2.4   21.5  330.0
lusigna 1983  7 28 209    18.9   26.5   32.1    7.1    0.0    2.2   21.4  330.0
lusigna 1983  7 29 210    17.0   26.0   22.9    4.8    0.0    3.0   21.3  330.0
lusigna 1983  7 30 211    17.5   33.0   24.8    6.3    0.0    2.6   18.4  330.0
lusigna 1983  7 31 212    19.1   25.1    6.0    1.7    1.1    4.2   24.5  330.0
lusigna 1983  8  1 213    18.0   23.5   14.6    3.4    0.0    1.9   18.2  330.0
lusigna 1983  8  2 214    12.4   19.9   14.0    3.0    0.6    1.9   14.4  330.0
lusigna 1983  8  3 215     9.0   21.0   24.5    3.8    0.0    1.5   11.3  330.0
lusigna 1983  8  4 216     8.5   23.4   26.1    4.6    0.0    2.6   11.7  330.0
lusigna 1983  8  5 217    10.6   25.0   23.7    4.4    0.0    2.5   12.9  330.0
lusigna 1983  8  6 218    11.6   23.5   25.8    4.7    0.0    3.0   14.6  330.0
lusigna 1983  8  7 219    11.5   22.2   22.2    4.1    0.0    3.7   14.0  330.0
lusigna 1983  8  8 220    13.0   27.9   19.8    4.0    0.0    1.3   15.4  330.0
lusigna 1983  8  9 221    17.4   30.2   20.6    5.1    1.7    1.8   17.5  330.0
lusigna 1983  8 10 222    13.0   27.0   17.3    3.1    0.0    1.7   21.5  330.0
lusigna 1983  8 11 223    18.0   23.6   10.9    2.7    9.0    1.5   19.9  330.0
lusigna 1983  8 12 224    15.8   24.5   13.4    3.6    0.4    1.4   14.0  330.0
lusigna 1983  8 13 225    14.6   25.0   19.1    3.8    0.0    1.3   18.5  330.0
lusigna 1983  8 14 226    11.5   24.5   24.0    4.2    0.0    1.6   13.6  330.0
lusigna 1983  8 15 227    11.5   27.0   23.5    4.2    0.0    1.2   16.2  330.0
lusigna 1983  8 16 228    13.7   24.1   13.4    2.8    0.0    1.4   17.5  330.0
lusigna 1983  8 17 229    13.6   25.3   19.4    3.3    0.0    1.1   16.6  330.0
lusigna 1983  8 18 230    14.0   30.5   15.2    2.9    0.0    1.9   17.1  330.0
lusigna 1983  8 19 231    17.6   23.3    8.4    2.2    9.2    1.8   19.7  330.0
lusigna 1983  8 20 232    13.4   24.0   13.1    2.5   12.5    1.2   19.6  330.0
lusigna 1983  8 21 233    14.0   24.2   17.0    3.0    2.1    2.3   18.1  330.0
lusigna 1983  8 22 234    14.5   22.9   12.1    2.3    2.8    0.8   18.5  330.0
lusigna 1983  8 23 235    13.9   25.0   17.4    3.4   19.8    1.1   16.8  330.0
lusigna 1983  8 24 236    14.7   24.8   15.8    3.4    5.6    2.1   18.9  330.0
lusigna 1983  8 25 237    17.0   21.2    5.1    1.4    1.2    2.4   19.4  330.0
lusigna 1983  8 26 238    17.0   25.0   11.2    2.8    0.1    1.7   19.7  330.0
lusigna 1983  8 27 239    17.0   27.0   16.5    3.5   40.0    1.7   20.9  330.0
lusigna 1983  8 28 240    17.0   21.6    7.3    1.9    0.1    2.2   19.6  330.0
lusigna 1983  8 29 241    15.4   19.6    8.2    2.0    0.3    1.6   17.1  330.0
lusigna 1983  8 30 242    14.5   25.5   18.3    3.2    0.2    1.4   18.5  330.0
lusigna 1983  8 31 243    15.5   19.1    4.1    0.8   10.5    1.5   18.8  330.0
lusigna 1983  9  1 244    16.6   22.0   10.5    2.1    6.0    2.6   19.6  330.0
lusigna 1983  9  2 245    10.6   21.0   11.8    2.1    1.6    4.1   15.8  330.0
lusigna 1983  9  3 246    12.2   19.0   16.4    3.0    0.0    2.7   13.9  330.0
lusigna 1983  9  4 247    11.0   21.1   13.5    3.3    0.0    2.6   14.4  330.0
lusigna 1983  9  5 248    15.1   22.2    9.8    2.1    0.0    1.4   19.1  330.0
lusigna 1983  9  6 249    16.5   22.0   10.1    2.2    0.3    1.5   19.6  330.0
lusigna 1983  9  7 250    10.4   21.1   20.6    2.9    0.0    1.7   14.2  330.0
lusigna 1983  9  8 251    10.0   26.6   15.9    3.6    3.9    3.2   14.4  330.0
lusigna 1983  9  9 252    15.4   20.1    7.4    1.4    8.5    4.0   19.9  330.0
lusigna 1983  9 10 253    12.5   18.5   15.1    2.5    9.4    2.0   13.6  330.0
lusigna 1983  9 11 254     9.0   17.1   15.2    2.4    0.0    2.1   10.9  330.0
lusigna 1983  9 12 255     8.7   17.7   16.2    2.5    0.0    1.8   11.6  330.0
lusigna 1983  9 13 256     9.8   19.6   13.5    2.2    0.2    1.7   13.4  330.0
lusigna 1983  9 14 257     9.2   23.0   18.5    3.0    0.1    3.6   14.9  330.0
lusigna 1983  9 15 258    15.5   20.0    8.4    2.0    7.5    4.8   17.5  330.0
lusigna 1983  9 16 259    11.6   17.0   10.9    1.9    9.7    2.5   14.0  330.0
lusigna 1983  9 17 260     7.0   18.0   16.2    2.1    0.3    2.7   13.6  330.0
lusigna 1983  9 18 261     8.6   20.2   18.5    2.8    0.0    3.6   13.7  330.0
lusigna 1983  9 19 262    13.0   15.7    2.5    0.4   10.4    1.3   15.5  330.0
lusigna 1983  9 20 263     6.0   17.1   10.7    1.0    0.2    2.1   11.5  330.0
lusigna 1983  9 21 264     8.6   22.1    9.1    1.3    2.2    3.0   16.5  330.0
lusigna 1983  9 22 265     8.6   20.9   17.3    2.2    0.2    2.0   14.4  330.0
lusigna 1983  9 23 266    11.6   28.5   16.4    2.7    0.0    1.6   16.2  330.0
lusigna 1983  9 24 267    14.0   27.2   16.7    2.8    0.3    1.9   18.8  330.0
lusigna 1983  9 25 268    12.8   27.0   15.7    2.3    0.2    2.1   20.0  330.0
lusigna 1983  9 26 269    14.0   23.0   14.7    2.5    0.0    2.0   17.3  330.0
lusigna 1983  9 27 270     8.4   23.1   16.9    2.0    0.3    0.4   12.7  330.0
lusigna 1983  9 28 271     8.5   24.7   15.7    1.9    0.3    1.1   16.2  330.0
lusigna 1983  9 29 272    10.4   25.3   15.5    2.3    0.0    2.6   16.7  330.0
lusigna 1983  9 30 273    12.5   24.0   14.0    1.8    0.3    1.4   16.3  330.0
lusigna 1983 10  1 274    13.1   20.8    9.0    1.6    0.6    1.1   15.6  330.0
lusigna 1983 10  2 275    14.0   23.6   13.8    2.3    0.3    1.1   17.8  330.0
lusigna 1983 10  3 276    12.0   26.0   14.5    2.3    0.0    3.0   17.8  330.0
lusigna 1983 10  4 277    16.1   26.0   14.1    3.3    0.3    2.9   13.5  330.0
lusigna 1983 10  5 278    11.5   22.5    8.8    1.9    0.2    1.4   16.0  330.0
lusigna 1983 10  6 279    12.5   19.9   13.9    1.7    0.2    1.3   13.9  330.0
lusigna 1983 10  7 280     7.4   20.5   12.6    1.3    0.0    0.6   11.5  330.0
lusigna 1983 10  8 281    12.0   18.4    7.1    1.5    0.0    1.8   15.4  330.0
lusigna 1983 10  9 282     8.4   16.2    5.3    1.2    0.0    1.3   11.9  330.0
lusigna 1983 10 10 283    12.0   18.4    6.7    1.7    1.5    2.0   13.2  330.0
lusigna 1983 10 11 284    10.6   16.5   11.6    1.3    0.2    1.4   12.9  330.0
lusigna 1983 10 12 285     4.0   17.9   13.6    1.4    0.0    2.8   10.7  330.0
lusigna 1983 10 13 286     7.1   23.2   11.7    3.0    4.7    4.2    8.7  330.0
lusigna 1983 10 14 287    10.3   17.2    8.0    1.5    4.4    3.7   13.6  330.0
lusigna 1983 10 15 288     8.0   17.5    8.5    1.8   30.2    6.5   12.3  330.0
lusigna 1983 10 16 289     9.2   14.5    8.7    1.2    4.4    2.8   12.3  330.0
lusigna 1983 10 17 290     4.5   14.0   11.5    0.8    0.0    2.3    9.3  330.0
lusigna 1983 10 18 291     7.0   14.6    4.9    0.6    0.3    1.8   12.9  330.0
lusigna 1983 10 19 292    10.6   16.0    4.8    1.0    0.3    0.8   12.9  330.0
lusigna 1983 10 20 293     9.8   14.9    3.2    0.5    0.0    1.1   14.0  330.0
lusigna 1983 10 21 294     7.6   13.2   10.5    1.7    0.0    5.0    9.5  330.0
lusigna 1983 10 22 295     3.5   13.3   12.6    1.6    0.0    3.6    6.9  330.0
lusigna 1983 10 23 296     1.0   18.0   11.9    0.7    0.3    0.9    8.2  330.0
lusigna 1983 10 24 297    -0.7   15.0   11.4    0.8    0.3    1.9    6.8  330.0
lusigna 1983 10 25 298     0.4   10.2   11.1    0.7    0.3    2.2    6.8  330.0
lusigna 1983 10 26 299     0.2   16.2   11.2    0.7    0.2    1.3    7.3  330.0
lusigna 1983 10 27 300     2.0   18.0   10.8    0.6    0.3    1.4    9.2  330.0
lusigna 1983 10 28 301     3.5   11.2    2.4    0.2    0.5    3.5   10.1  330.0
lusigna 1983 10 29 302     4.0   10.0    8.2    1.5    0.0    5.8    6.9  330.0
lusigna 1983 10 30 303     1.0   10.1    9.2    0.8    0.0    2.7    6.4  330.0
lusigna 1983 10 31 304     2.1   11.8    3.1    0.6    0.3    1.0    8.4  330.0
lusigna 1983 11  1 305     5.5   14.1    3.9    0.2    0.0    1.6   13.4  330.0
lusigna 1983 11  2 306     9.2   14.2    8.7    0.6    0.3    2.3   10.5  330.0
lusigna 1983 11  3 307     4.3   17.7    9.1    0.5    0.3    1.4    8.7  330.0
lusigna 1983 11  4 308     5.6   18.3    8.6    0.4    0.3    1.2   11.1  330.0
lusigna 1983 11  5 309     5.5   18.8    8.5    0.3    0.3    0.6   10.0  330.0
lusigna 1983 11  6 310     5.0   17.5    8.8    0.4    0.2    1.1    9.3  330.0
lusigna 1983 11  7 311     7.5   19.2   11.6    2.1    0.0    3.4   10.8  330.0
lusigna 1983 11  8 312    11.9   20.0    6.0    1.6    0.2    2.3   11.2  330.0
lusigna 1983 11  9 313     9.4   19.4    6.3    1.1    0.0    1.3   11.6  330.0
lusigna 1983 11 10 314     8.0   18.0    7.2    0.8    0.0    1.6    9.7  330.0
lusigna 1983 11 11 315     8.0   18.0    7.7    0.4    0.4    0.9    8.8  330.0
lusigna 1983 11 12 316     4.5    7.0    2.5    0.5    0.0    4.2    8.4  330.0
lusigna 1983 11 13 317     4.5    6.6    4.4    0.7    0.0    3.8    7.1  330.0
lusigna 1983 11 14 318     3.0    6.4    3.2    1.2    0.0    5.4    6.9  330.0
lusigna 1983 11 15 319    -2.5    7.0    7.6    0.3    0.0    3.5    5.3  330.0
lusigna 1983 11 16 320    -4.3    7.4    7.7    0.7    0.0    5.4    4.9  330.0
lusigna 1983 11 17 321     0.1    8.6    7.7    0.6    0.2    5.1    6.1  330.0
lusigna 1983 11 18 322     0.9    6.5    6.9    0.3    0.0    3.6    6.5  330.0
lusigna 1983 11 19 323    -2.5    4.5    7.2    0.3    0.0    3.6    5.6  330.0
lusigna 1983 11 20 324    -2.5    0.5    2.3    0.7    0.0    4.7    4.7  330.0
lusigna 1983 11 21 325    -3.0    2.1    6.7    0.2    0.0    6.2    5.3  330.0
lusigna 1983 11 22 326    -1.8    5.1    7.1    0.2    0.0    3.8    5.3  330.0
lusigna 1983 11 23 327    -3.0    8.0    5.3    0.6    0.3    1.6    5.5  330.0
lusigna 1983 11 24 328    -1.0   13.2    1.9    0.0    0.6    3.4   10.4  330.0
lusigna 1983 11 25 329     7.2   14.8    1.8    0.0   14.0    5.2   13.5  330.0
lusigna 1983 11 26 330    12.0   16.2    0.9    0.1   33.2    7.2   15.9  330.0
lusigna 1983 11 27 331     9.8   12.1    4.4    0.3    0.2    3.6   11.7  330.0
lusigna 1983 11 28 332     6.7   12.1    3.7    1.0    1.2    2.6    9.3  330.0
lusigna 1983 11 29 333     7.5   12.6    1.4    0.2    3.1    1.4   11.5  330.0
lusigna 1983 11 30 334     8.8   11.2    4.3    0.2    0.0    3.3   11.2  330.0
lusigna 1983 12  1 335     0.4    6.0    6.9    0.0    0.0    2.8    6.3  330.0
lusigna 1983 12  2 336    -3.5    4.6    6.4    0.1    0.0    4.7    4.7  330.0
lusigna 1983 12  3 337    -3.5    1.7    6.3    0.0    0.0    3.7    5.0  330.0
lusigna 1983 12  4 338    -4.2    3.1    6.1    0.0    0.0    2.4    5.1  330.0
lusigna 1983 12  5 339    -5.0    4.7    6.3    0.0    0.0    0.7    4.1  330.0
lusigna 1983 12  6 340    -4.4    3.1    1.7    0.2    0.0    2.0    5.3  330.0
lusigna 1983 12  7 341    -0.5    1.1    1.8    0.1    0.0    1.4    6.2  330.0
lusigna 1983 12  8 342    -4.4    2.4    4.7    0.3    0.7    2.6    4.8  330.0
lusigna 1983 12  9 343    -1.6   10.2    1.4    0.9    6.5    5.2    6.6  330.0
lusigna 1983 12 10 344     4.5    7.0    2.1    0.7    0.0    2.3    7.3  330.0
lusigna 1983 12 11 345    -2.0    4.0    2.9    0.7    0.0    1.7    5.0  330.0
lusigna 1983 12 12 346     0.0    3.9    0.8    0.0    2.0    2.8    6.9  330.0
lusigna 1983 12 13 347    -0.3    2.4    2.7    0.3    0.0    1.3    6.1  330.0
lusigna 1983 12 14 348    -5.4    8.5    5.9    0.6    0.0    4.7    4.4  330.0
lusigna 1983 12 15 349     4.4   13.9    3.1    1.4    0.2    3.4    7.2  330.0
lusigna 1983 12 16 350     1.6    8.0    1.5    0.5    8.2    2.2    6.9  330.0
lusigna 1983 12 17 351     3.0    7.6    3.1    0.4    0.0    4.3    8.2  330.0
lusigna 1983 12 18 352     2.9    8.9    1.8    0.9    7.5    6.7    7.8  330.0
lusigna 1983 12 19 353     4.6    9.0    2.1    0.4    6.4    5.2    9.3  330.0
lusigna 1983 12 20 354     6.0   12.9    3.1    0.3    2.8    5.1    7.6  330.0
lusigna 1983 12 21 355     5.1   10.3    3.0    0.6    3.1    3.1    8.7  330.0
lusigna 1983 12 22 356     5.2   13.8    0.8    0.4   19.2    4.7   10.7  330.0
lusigna 1983 12 23 357     8.2   14.8    0.9    0.0    4.0    4.6   15.0  330.0
lusigna 1983 12 24 358     7.8   15.7    4.9    0.9    0.0    4.3   11.5  330.0
lusigna 1983 12 25 359     8.5   11.9    3.6    0.9    0.1    3.2   10.3  330.0
lusigna 1983 12 26 360     8.0   11.2    1.6    0.3    1.1    1.6   11.2  330.0
lusigna 1983 12 27 361    -1.0   10.9    5.5    0.0    0.3    0.6    6.1  330.0
lusigna 1983 12 28 362    -0.5   11.5    5.8    0.0    0.3    1.9    6.4  330.0
lusigna 1983 12 29 363     1.5   12.1    5.7    0.0    0.3    1.2    6.6  330.0
lusigna 1983 12 30 364     1.4    8.2    1.6    0.2    0.3    1.4    8.1  330.0
lusigna 1983 12 31 365     4.5    4.8    2.1    0.2    0.3    0.7    8.4  330.0
