pea---- 1998  1  1   1     4.8    8.7    2.1    0.0    2.6 -999.9 -999.9  330.0
pea---- 1998  1  2   2     5.8    9.4    1.1    0.5    4.4 -999.9 -999.9  330.0
pea---- 1998  1  3   3     5.4   13.3    1.8    1.1    3.2 -999.9 -999.9  330.0
pea---- 1998  1  4   4     4.6    9.8    2.6    0.9    1.1 -999.9 -999.9  330.0
pea---- 1998  1  5   5     3.8    9.8    2.8    0.4   11.9 -999.9 -999.9  330.0
pea---- 1998  1  6   6     2.3   10.8    1.3    0.1    1.8 -999.9 -999.9  330.0
pea---- 1998  1  7   7     6.8   12.2    2.7    0.2    3.2 -999.9 -999.9  330.0
pea---- 1998  1  8   8     6.9   11.5    3.5    0.2    0.0 -999.9 -999.9  330.0
pea---- 1998  1  9   9     5.5   13.4    4.6    0.0    0.0 -999.9 -999.9  330.0
pea---- 1998  1 10  10     1.6   10.7    5.1    0.0    0.0 -999.9 -999.9  330.0
pea---- 1998  1 11  11     1.8   11.7    4.9    0.0    0.0 -999.9 -999.9  330.0
pea---- 1998  1 12  12     2.8   10.5    3.6    0.0    0.0 -999.9 -999.9  330.0
pea---- 1998  1 13  13     5.0   11.1    1.5    0.3    0.2 -999.9 -999.9  330.0
pea---- 1998  1 14  14     4.7    8.8    2.0    0.4    0.1 -999.9 -999.9  330.0
pea---- 1998  1 15  15     1.0    8.8    1.5    0.0    2.3 -999.9 -999.9  330.0
pea---- 1998  1 16  16     7.3   10.2    1.9    0.5    1.4 -999.9 -999.9  330.0
pea---- 1998  1 17  17     0.1    7.6    5.0    0.0    0.0 -999.9 -999.9  330.0
pea---- 1998  1 18  18     0.5    7.4    1.1    0.0   21.2 -999.9 -999.9  330.0
pea---- 1998  1 19  19     2.1    7.7    1.5    0.1    3.0 -999.9 -999.9  330.0
pea---- 1998  1 20  20     0.8    5.4    1.8    0.5    0.0 -999.9 -999.9  330.0
pea---- 1998  1 21  21     0.9    3.0    2.6    0.4    0.0 -999.9 -999.9  330.0
pea---- 1998  1 22  22    -1.0    2.5    4.6    0.4    0.0 -999.9 -999.9  330.0
pea---- 1998  1 23  23    -1.9    2.7    0.9    0.0    0.0 -999.9 -999.9  330.0
pea---- 1998  1 24  24    -0.2    4.3    2.8    0.5    0.0 -999.9 -999.9  330.0
pea---- 1998  1 25  25     0.3    1.4    1.2    0.5    0.0 -999.9 -999.9  330.0
pea---- 1998  1 26  26    -2.1    0.1    4.5    0.3    0.0 -999.9 -999.9  330.0
pea---- 1998  1 27  27    -6.2    0.1    6.2    0.1    0.0 -999.9 -999.9  330.0
pea---- 1998  1 28  28    -6.5   -0.4    3.0    0.2    0.0 -999.9 -999.9  330.0
pea---- 1998  1 29  29    -6.5    4.6    4.2    0.1    0.0 -999.9 -999.9  330.0
pea---- 1998  1 30  30    -7.0    3.9    7.4    0.0    0.0 -999.9 -999.9  330.0
pea---- 1998  1 31  31    -6.1    6.4    5.2    0.2    0.0 -999.9 -999.9  330.0
pea---- 1998  2  1  32    -6.8   -1.0    7.0    0.3    0.0 -999.9 -999.9  330.0
pea---- 1998  2  2  33    -9.5    0.9    8.1    0.0    0.0 -999.9 -999.9  330.0
pea---- 1998  2  3  34    -7.9    2.1    5.4    0.1    0.0 -999.9 -999.9  330.0
pea---- 1998  2  4  35    -6.5    5.1    9.3    0.1    0.0 -999.9 -999.9  330.0
pea---- 1998  2  5  36    -6.7    1.9    2.7    0.1    0.0 -999.9 -999.9  330.0
pea---- 1998  2  6  37    -0.2    8.0    5.2    0.4    0.0 -999.9 -999.9  330.0
pea---- 1998  2  7  38    -4.2    3.9    1.9    0.1    1.0 -999.9 -999.9  330.0
pea---- 1998  2  8  39     0.6    6.5    4.9    0.4    0.0 -999.9 -999.9  330.0
pea---- 1998  2  9  40    -4.6   10.3    8.9    0.1    0.0 -999.9 -999.9  330.0
pea---- 1998  2 10  41    -1.5   11.6    8.2    0.3    0.0 -999.9 -999.9  330.0
pea---- 1998  2 11  42    -1.7   12.5    8.5    0.3    0.0 -999.9 -999.9  330.0
pea---- 1998  2 12  43    -0.5   13.3    8.0    0.4    0.0 -999.9 -999.9  330.0
pea---- 1998  2 13  44    -0.7   16.6    8.4    0.4    0.0 -999.9 -999.9  330.0
pea---- 1998  2 14  45    -1.2   17.2    8.9    0.4    0.1 -999.9 -999.9  330.0
pea---- 1998  2 15  46     0.0   10.1    5.0    0.4    0.0 -999.9 -999.9  330.0
pea---- 1998  2 16  47     0.9   13.6    4.7    0.2    0.0 -999.9 -999.9  330.0
pea---- 1998  2 17  48     4.3    9.3    6.2    0.7    0.0 -999.9 -999.9  330.0
pea---- 1998  2 18  49    -2.2   13.3    9.9    0.5    0.0 -999.9 -999.9  330.0
pea---- 1998  2 19  50     1.1   11.5    5.1    0.5    0.0 -999.9 -999.9  330.0
pea---- 1998  2 20  51    -2.0   16.4    8.2    0.6    0.1 -999.9 -999.9  330.0
pea---- 1998  2 21  52     3.6   15.7    5.8    0.9    1.9 -999.9 -999.9  330.0
pea---- 1998  2 22  53     5.2    9.4    4.4    0.7    2.3 -999.9 -999.9  330.0
pea---- 1998  2 23  54     0.6   10.3   10.6    0.6    0.0 -999.9 -999.9  330.0
pea---- 1998  2 24  55     2.1   11.4    3.3    0.3    0.3 -999.9 -999.9  330.0
pea---- 1998  2 25  56     7.7   11.5    2.7    0.5    0.1 -999.9 -999.9  330.0
pea---- 1998  2 26  57     1.8   12.6    6.6    0.4    0.1 -999.9 -999.9  330.0
pea---- 1998  2 27  58     6.5    8.5    2.0    0.3    0.4 -999.9 -999.9  330.0
pea---- 1998  2 28  59     5.5    8.5    3.1    1.0    1.2 -999.9 -999.9  330.0
pea---- 1998  3  1  60    -1.1    9.5   10.6    0.9    0.0 -999.9 -999.9  330.0
pea---- 1998  3  2  61     3.3   11.8    8.0    1.0    0.0 -999.9 -999.9  330.0
pea---- 1998  3  3  62     5.9   15.4    5.0    1.9    0.5 -999.9 -999.9  330.0
pea---- 1998  3  4  63    11.9   19.4    4.9    3.5   17.3 -999.9 -999.9  330.0
pea---- 1998  3  5  64     5.0   11.2   11.2    2.1    0.0 -999.9 -999.9  330.0
pea---- 1998  3  6  65     3.3   10.5    2.7    0.4    0.6 -999.9 -999.9  330.0
pea---- 1998  3  7  66     8.3   14.4    5.6    1.8    0.6 -999.9 -999.9  330.0
pea---- 1998  3  8  67     6.0   12.3    9.5    1.4    0.4 -999.9 -999.9  330.0
pea---- 1998  3  9  68    -1.0    8.4   13.8    1.5    0.0 -999.9 -999.9  330.0
pea---- 1998  3 10  69    -4.2    8.7   14.1    1.0    3.4 -999.9 -999.9  330.0
pea---- 1998  3 11  70     0.1    5.9    2.4    0.2    5.4 -999.9 -999.9  330.0
pea---- 1998  3 12  71     3.1    8.5    9.6    1.5    0.1 -999.9 -999.9  330.0
pea---- 1998  3 13  72    -3.0    9.3   13.6    0.9    0.0 -999.9 -999.9  330.0
pea---- 1998  3 14  73     4.9   11.1    5.4    0.8    0.0 -999.9 -999.9  330.0
pea---- 1998  3 15  74     6.2    9.6    3.2    0.6    0.0 -999.9 -999.9  330.0
pea---- 1998  3 16  75     4.5   11.1    4.3    0.6    0.0 -999.9 -999.9  330.0
pea---- 1998  3 17  76     5.5    9.5    3.3    0.6    0.0 -999.9 -999.9  330.0
pea---- 1998  3 18  77     6.9   12.0    4.4    0.9    0.0 -999.9 -999.9  330.0
pea---- 1998  3 19  78     3.8   12.4   15.7    1.8    0.0 -999.9 -999.9  330.0
pea---- 1998  3 20  79     0.3   11.7   10.5    1.2    0.0 -999.9 -999.9  330.0
pea---- 1998  3 21  80     7.1   11.7   14.6    2.3    0.0 -999.9 -999.9  330.0
pea---- 1998  3 22  81    -0.7   11.9   16.3    1.8    0.0 -999.9 -999.9  330.0
pea---- 1998  3 23  82     5.2   10.4    7.1    1.7    0.9 -999.9 -999.9  330.0
pea---- 1998  3 24  83    -2.4    9.9   16.5    1.9    0.0 -999.9 -999.9  330.0
pea---- 1998  3 25  84    -4.9   11.1   15.4    1.6    0.0 -999.9 -999.9  330.0
pea---- 1998  3 26  85    -4.0   13.0   11.9    1.4    0.7 -999.9 -999.9  330.0
pea---- 1998  3 27  86     6.2   12.6    5.3    0.9    0.2 -999.9 -999.9  330.0
pea---- 1998  3 28  87     1.2   19.6   13.4    1.6    0.0 -999.9 -999.9  330.0
pea---- 1998  3 29  88     7.4   22.3   16.7    2.7    0.0 -999.9 -999.9  330.0
pea---- 1998  3 30  89     7.8   19.6   15.0    2.2    0.2 -999.9 -999.9  330.0
pea---- 1998  3 31  90     6.0   21.2   12.6    1.9    0.0 -999.9 -999.9  330.0
pea---- 1998  4  1  91     8.9   15.8    7.4    1.4    0.0 -999.9 -999.9  330.0
pea---- 1998  4  2  92     7.9   14.8    7.5    1.2    9.5 -999.9 -999.9  330.0
pea---- 1998  4  3  93     9.6   12.7    2.5    0.6   16.8 -999.9 -999.9  330.0
pea---- 1998  4  4  94     6.6   14.6    8.5    2.1    8.3 -999.9 -999.9  330.0
pea---- 1998  4  5  95     6.3   13.0    8.7    1.6    6.1 -999.9 -999.9  330.0
pea---- 1998  4  6  96     6.6   12.8    9.9    1.7   11.8 -999.9 -999.9  330.0
pea---- 1998  4  7  97     2.1   10.9    3.9    0.5   12.0 -999.9 -999.9  330.0
pea---- 1998  4  8  98     3.8   13.1   13.2    1.7    2.1 -999.9 -999.9  330.0
pea---- 1998  4  9  99     4.9   12.4   10.1    1.5    4.9 -999.9 -999.9  330.0
pea---- 1998  4 10 100     5.5   12.6   12.0    1.9    3.2 -999.9 -999.9  330.0
pea---- 1998  4 11 101     3.8   11.5   15.6    2.1    1.3 -999.9 -999.9  330.0
pea---- 1998  4 12 102     1.7    9.2    8.0    1.3    4.2 -999.9 -999.9  330.0
pea---- 1998  4 13 103    -1.1    9.6   17.1    2.0    0.2 -999.9 -999.9  330.0
pea---- 1998  4 14 104    -1.4    9.9   13.6    1.7    3.7 -999.9 -999.9  330.0
pea---- 1998  4 15 105     3.5    9.5    4.4    0.9    7.2 -999.9 -999.9  330.0
pea---- 1998  4 16 106     1.9   10.6   14.8    2.2    2.5 -999.9 -999.9  330.0
pea---- 1998  4 17 107     4.1    7.9    5.0    0.7   13.9 -999.9 -999.9  330.0
pea---- 1998  4 18 108     3.9    9.3    4.2    0.9    1.5 -999.9 -999.9  330.0
pea---- 1998  4 19 109     0.1   12.8   16.3    1.8    1.7 -999.9 -999.9  330.0
pea---- 1998  4 20 110     7.3   13.1    5.4    1.1    6.3 -999.9 -999.9  330.0
pea---- 1998  4 21 111     7.0   17.1   15.3    2.2    0.0 -999.9 -999.9  330.0
pea---- 1998  4 22 112     6.7   22.6   22.4    3.6    0.0 -999.9 -999.9  330.0
pea---- 1998  4 23 113     7.7   18.8   19.7    2.9    0.0 -999.9 -999.9  330.0
pea---- 1998  4 24 114     8.1   16.3   15.7    2.4    0.1 -999.9 -999.9  330.0
pea---- 1998  4 25 115    12.3   16.3    6.4    1.5    3.4 -999.9 -999.9  330.0
pea---- 1998  4 26 116    10.9   14.2    5.9    1.2    8.3 -999.9 -999.9  330.0
pea---- 1998  4 27 117     7.6   11.5    6.6    1.2    2.7 -999.9 -999.9  330.0
pea---- 1998  4 28 118     4.0   14.2   15.1    2.0    0.6 -999.9 -999.9  330.0
pea---- 1998  4 29 119     4.3   18.2   20.0    2.8    0.0 -999.9 -999.9  330.0
pea---- 1998  4 30 120     9.1   19.5   17.9    3.3    0.0 -999.9 -999.9  330.0
pea---- 1998  5  1 121     9.9   12.2    3.0    0.4    2.6 -999.9 -999.9  330.0
pea---- 1998  5  2 122     8.8   11.5    3.2    0.5   12.6 -999.9 -999.9  330.0
pea---- 1998  5  3 123     7.7   11.9    5.6    1.1    0.0 -999.9 -999.9  330.0
pea---- 1998  5  4 124     6.3   14.3   21.5    3.5    0.0 -999.9 -999.9  330.0
pea---- 1998  5  5 125     1.9   16.1   12.2    1.7    0.1 -999.9 -999.9  330.0
pea---- 1998  5  6 126     7.5   15.2   11.9    2.1    0.0 -999.9 -999.9  330.0
pea---- 1998  5  7 127    10.5   18.1   16.6    3.0    0.0 -999.9 -999.9  330.0
pea---- 1998  5  8 128     5.5   24.4   23.1    3.6    0.1 -999.9 -999.9  330.0
pea---- 1998  5  9 129     9.9   25.0   22.5    4.0    0.0 -999.9 -999.9  330.0
pea---- 1998  5 10 130    10.3   28.3   25.1    4.5    0.0 -999.9 -999.9  330.0
pea---- 1998  5 11 131    10.9   28.5   25.0    4.5    0.0 -999.9 -999.9  330.0
pea---- 1998  5 12 132    12.9   30.0   24.2    4.7    0.0 -999.9 -999.9  330.0
pea---- 1998  5 13 133    11.9   30.7   24.2    4.7    0.0 -999.9 -999.9  330.0
pea---- 1998  5 14 134    13.1   27.0   23.0    4.4    0.0 -999.9 -999.9  330.0
pea---- 1998  5 15 135    12.9   25.0   26.5    5.6    0.0 -999.9 -999.9  330.0
pea---- 1998  5 16 136    12.1   22.9   26.1    5.3    0.0 -999.9 -999.9  330.0
pea---- 1998  5 17 137    10.1   23.2   25.9    5.0    0.0 -999.9 -999.9  330.0
pea---- 1998  5 18 138     7.8   23.3   25.8    4.4    0.0 -999.9 -999.9  330.0
pea---- 1998  5 19 139     7.0   25.2   25.0    4.4    0.0 -999.9 -999.9  330.0
pea---- 1998  5 20 140    10.8   24.0   25.5    4.9    0.0 -999.9 -999.9  330.0
pea---- 1998  5 21 141    10.2   21.6   19.2    3.7    0.0 -999.9 -999.9  330.0
pea---- 1998  5 22 142     5.6   14.2   16.7    2.8    0.0 -999.9 -999.9  330.0
pea---- 1998  5 23 143     4.4   17.7   23.6    3.6    0.2 -999.9 -999.9  330.0
pea---- 1998  5 24 144     9.5   18.7   10.5    2.0    1.3 -999.9 -999.9  330.0
pea---- 1998  5 25 145    10.0   20.2   18.0    3.2    0.0 -999.9 -999.9  330.0
pea---- 1998  5 26 146     9.6   19.7   15.3    2.9    2.2 -999.9 -999.9  330.0
pea---- 1998  5 27 147     8.3   20.5   20.2    3.3    0.1 -999.9 -999.9  330.0
pea---- 1998  5 28 148     9.4   17.6   11.0    1.7    8.5 -999.9 -999.9  330.0
pea---- 1998  5 29 149     9.1   22.7   26.8    4.5    0.0 -999.9 -999.9  330.0
pea---- 1998  5 30 150     7.3   24.8   25.6    4.3    1.1 -999.9 -999.9  330.0
pea---- 1998  5 31 151    12.8   18.2   12.2    2.4    0.3 -999.9 -999.9  330.0
pea---- 1998  6  1 152     7.6   22.1   23.6    3.9    4.5 -999.9 -999.9  330.0
pea---- 1998  6  2 153    14.9   23.4   17.0    3.7    1.5 -999.9 -999.9  330.0
pea---- 1998  6  3 154    10.5   21.8   25.0    4.3    0.0 -999.9 -999.9  330.0
pea---- 1998  6  4 155     8.6   24.3   25.0    4.2    0.0 -999.9 -999.9  330.0
pea---- 1998  6  5 156    12.1   29.1   21.8    4.3    0.0 -999.9 -999.9  330.0
pea---- 1998  6  6 157    17.6   29.2   21.1    4.8   11.0 -999.9 -999.9  330.0
pea---- 1998  6  7 158    16.2   19.9   14.0    3.1    4.4 -999.9 -999.9  330.0
pea---- 1998  6  8 159    11.4   20.6   21.9    3.8    1.3 -999.9 -999.9  330.0
pea---- 1998  6  9 160    13.1   24.2   19.1    3.7    0.2 -999.9 -999.9  330.0
pea---- 1998  6 10 161    14.9   20.8   20.8    4.5    1.0 -999.9 -999.9  330.0
pea---- 1998  6 11 162    11.0   16.4   11.5    2.4    3.2 -999.9 -999.9  330.0
pea---- 1998  6 12 163     9.3   16.6   20.3    3.7    0.1 -999.9 -999.9  330.0
pea---- 1998  6 13 164     3.2   17.5   14.6    2.1    1.9 -999.9 -999.9  330.0
pea---- 1998  6 14 165    11.2   18.8   18.1    3.3    7.2 -999.9 -999.9  330.0
pea---- 1998  6 15 166    11.4   19.8   17.9    3.4    4.9 -999.9 -999.9  330.0
pea---- 1998  6 16 167     8.0   18.5   10.9    2.1    2.0 -999.9 -999.9  330.0
pea---- 1998  6 17 168     6.1   20.5   20.8    3.2    0.0 -999.9 -999.9  330.0
pea---- 1998  6 18 169     9.2   22.8   18.4    3.2    0.0 -999.9 -999.9  330.0
pea---- 1998  6 19 170    11.3   28.1   26.5    4.9    0.0 -999.9 -999.9  330.0
pea---- 1998  6 20 171    12.6   30.5   26.8    5.3    0.0 -999.9 -999.9  330.0
pea---- 1998  6 21 172    15.7   31.2   23.4    5.2    0.0 -999.9 -999.9  330.0
pea---- 1998  6 22 173    10.0   23.5   25.8    4.7    0.0 -999.9 -999.9  330.0
pea---- 1998  6 23 174    10.9   24.6   24.1    4.4    0.0 -999.9 -999.9  330.0
pea---- 1998  6 24 175    10.9   27.3   26.5    4.8    0.0 -999.9 -999.9  330.0
pea---- 1998  6 25 176    15.3   22.7   13.1    3.1    0.4 -999.9 -999.9  330.0
pea---- 1998  6 26 177    10.3   24.9   21.0    4.2    0.0 -999.9 -999.9  330.0
pea---- 1998  6 27 178    11.8   24.1   17.6    3.9    0.6 -999.9 -999.9  330.0
pea---- 1998  6 28 179    12.4   22.0   19.7    4.1    0.0 -999.9 -999.9  330.0
pea---- 1998  6 29 180    10.6   24.4   21.8    4.2    0.0 -999.9 -999.9  330.0
pea---- 1998  6 30 181     8.6   19.9   12.2    2.0    3.0 -999.9 -999.9  330.0
pea---- 1998  7  1 182    14.6   21.9   16.2    3.5    0.0 -999.9 -999.9  330.0
pea---- 1998  7  2 183    12.7   20.7   12.3    2.9    0.3 -999.9 -999.9  330.0
pea---- 1998  7  3 184    12.1   23.9   23.9    5.0    0.0 -999.9 -999.9  330.0
pea---- 1998  7  4 185     7.0   23.8   23.4    4.0    0.0 -999.9 -999.9  330.0
pea---- 1998  7  5 186     8.3   20.9   13.2    2.5    0.0 -999.9 -999.9  330.0
pea---- 1998  7  6 187    11.4   20.2   10.5    2.1    0.0 -999.9 -999.9  330.0
pea---- 1998  7  7 188    11.1   20.4    9.9    2.4    2.3 -999.9 -999.9  330.0
pea---- 1998  7  8 189     9.1   23.0   22.6    4.2    0.0 -999.9 -999.9  330.0
pea---- 1998  7  9 190    10.5   19.0    8.8    1.9    0.3 -999.9 -999.9  330.0
pea---- 1998  7 10 191    14.9   21.8   11.3    2.6    2.6 -999.9 -999.9  330.0
pea---- 1998  7 11 192    14.8   24.9   15.6    4.1    0.5 -999.9 -999.9  330.0
pea---- 1998  7 12 193    15.4   26.2   17.7    4.9    0.0 -999.9 -999.9  330.0
pea---- 1998  7 13 194    13.3   19.3    9.5    2.3   12.0 -999.9 -999.9  330.0
pea---- 1998  7 14 195     7.9   22.9   24.3    4.5    0.0 -999.9 -999.9  330.0
pea---- 1998  7 15 196     8.6   21.1   13.1    2.7    1.4 -999.9 -999.9  330.0
pea---- 1998  7 16 197    11.9   18.2    7.7    1.3    6.6 -999.9 -999.9  330.0
pea---- 1998  7 17 198    15.7   22.0   15.4    3.6    1.2 -999.9 -999.9  330.0
pea---- 1998  7 18 199    13.7   23.9   15.5    3.3    0.0 -999.9 -999.9  330.0
pea---- 1998  7 19 200    11.1   29.8   25.9    5.0    0.0 -999.9 -999.9  330.0
pea---- 1998  7 20 201    16.9   33.3   18.8    5.0    0.1 -999.9 -999.9  330.0
pea---- 1998  7 21 202    17.7   24.9    9.0    2.9    2.0 -999.9 -999.9  330.0
pea---- 1998  7 22 203     9.6   27.7   25.0    4.7    0.6 -999.9 -999.9  330.0
pea---- 1998  7 23 204    15.8   22.1   10.3    2.3    2.3 -999.9 -999.9  330.0
pea---- 1998  7 24 205    15.8   26.3   18.5    4.3    0.0 -999.9 -999.9  330.0
pea---- 1998  7 25 206    10.9   25.6   25.8    5.1    0.0 -999.9 -999.9  330.0
pea---- 1998  7 26 207     8.6   27.5   21.6    4.2    0.0 -999.9 -999.9  330.0
pea---- 1998  7 27 208     9.3   25.5   11.5    2.6    0.8 -999.9 -999.9  330.0
pea---- 1998  7 28 209    11.7   22.2   10.5    2.5    2.7 -999.9 -999.9  330.0
pea---- 1998  7 29 210    14.6   22.8   12.4    3.0    1.0 -999.9 -999.9  330.0
pea---- 1998  7 30 211    15.1   24.4   19.6    4.9    0.0 -999.9 -999.9  330.0
pea---- 1998  7 31 212     9.3   24.8   19.3    4.0    0.0 -999.9 -999.9  330.0
pea---- 1998  8  1 213     8.5   22.6    8.9    1.9    0.1 -999.9 -999.9  330.0
pea---- 1998  8  2 214    11.4   22.3   11.0    2.3    1.2 -999.9 -999.9  330.0
pea---- 1998  8  3 215     8.2   25.7   19.0    3.4    0.0 -999.9 -999.9  330.0
pea---- 1998  8  4 216    11.6   23.9   10.2    2.4    2.1 -999.9 -999.9  330.0
pea---- 1998  8  5 217     8.3   26.7   24.1    4.2    0.0 -999.9 -999.9  330.0
pea---- 1998  8  6 218     9.9   29.3   24.1    4.5    0.0 -999.9 -999.9  330.0
pea---- 1998  8  7 219    10.4   31.8   24.1    4.9    0.0 -999.9 -999.9  330.0
pea---- 1998  8  8 220    11.8   36.2   23.9    5.1    0.0 -999.9 -999.9  330.0
pea---- 1998  8  9 221    15.6   37.3   23.0    5.8    0.0 -999.9 -999.9  330.0
pea---- 1998  8 10 222    19.6   38.4   22.6    6.0    0.0 -999.9 -999.9  330.0
pea---- 1998  8 11 223    14.2   38.9   21.0    5.2    0.0 -999.9 -999.9  330.0
pea---- 1998  8 12 224    15.4   29.5   12.3    3.6    0.0 -999.9 -999.9  330.0
pea---- 1998  8 13 225    11.7   24.0   19.4    4.0    0.0 -999.9 -999.9  330.0
pea---- 1998  8 14 226     8.1   27.2   22.5    3.9    0.0 -999.9 -999.9  330.0
pea---- 1998  8 15 227    10.8   31.0   21.1    4.3    0.0 -999.9 -999.9  330.0
pea---- 1998  8 16 228    15.3   29.3   21.3    4.7    0.0 -999.9 -999.9  330.0
pea---- 1998  8 17 229    11.2   31.5   21.2    4.5    0.0 -999.9 -999.9  330.0
pea---- 1998  8 18 230    11.4   26.5   20.2    3.8    0.0 -999.9 -999.9  330.0
pea---- 1998  8 19 231    15.1   26.6   18.4    4.2    0.0 -999.9 -999.9  330.0
pea---- 1998  8 20 232     9.2   27.8   17.8    3.5    3.0 -999.9 -999.9  330.0
pea---- 1998  8 21 233    13.8   19.7    4.7    1.5    3.0 -999.9 -999.9  330.0
pea---- 1998  8 22 234    12.4   17.9    5.6    1.4    4.3 -999.9 -999.9  330.0
pea---- 1998  8 23 235     6.8   21.6   13.5    2.2    4.6 -999.9 -999.9  330.0
pea---- 1998  8 24 236    14.4   20.7   10.8    2.8    0.1 -999.9 -999.9  330.0
pea---- 1998  8 25 237     6.3   22.8   18.5    2.7    0.0 -999.9 -999.9  330.0
pea---- 1998  8 26 238     7.8   23.8   17.0    3.0    0.0 -999.9 -999.9  330.0
pea---- 1998  8 27 239     9.1   17.8   11.8    2.5    0.0 -999.9 -999.9  330.0
pea---- 1998  8 28 240     4.2   19.8   17.5    2.7    0.0 -999.9 -999.9  330.0
pea---- 1998  8 29 241    10.1   20.1   13.0    2.5    0.0 -999.9 -999.9  330.0
pea---- 1998  8 30 242     6.5   21.1   10.1    1.7    0.1 -999.9 -999.9  330.0
pea---- 1998  8 31 243     6.2   24.1   18.4    2.8    0.0 -999.9 -999.9  330.0
pea---- 1998  9  1 244    15.2   26.4   12.8    3.1    0.2 -999.9 -999.9  330.0
pea---- 1998  9  2 245    17.5   24.3    5.6    1.6    7.0 -999.9 -999.9  330.0
pea---- 1998  9  3 246    15.7   18.8    4.4    1.2    3.7 -999.9 -999.9  330.0
pea---- 1998  9  4 247     8.9   21.2    8.1    1.4    3.2 -999.9 -999.9  330.0
pea---- 1998  9  5 248    14.3   20.7   11.4    2.3    8.1 -999.9 -999.9  330.0
pea---- 1998  9  6 249    12.0   21.7   15.5    2.7    0.0 -999.9 -999.9  330.0
pea---- 1998  9  7 250    13.6   19.8    5.4    1.2    6.7 -999.9 -999.9  330.0
pea---- 1998  9  8 251    12.0   20.1    8.4    1.5    0.7 -999.9 -999.9  330.0
pea---- 1998  9  9 252    16.1   25.1    8.1    2.8    0.6 -999.9 -999.9  330.0
pea---- 1998  9 10 253    14.0   24.0   14.2    3.4    0.1 -999.9 -999.9  330.0
pea---- 1998  9 11 254    12.0   18.2    9.6    1.8   20.0 -999.9 -999.9  330.0
pea---- 1998  9 12 255    11.1   16.7   11.3    2.3    3.8 -999.9 -999.9  330.0
pea---- 1998  9 13 256     5.7   13.8    6.4    1.1    1.5 -999.9 -999.9  330.0
pea---- 1998  9 14 257     7.7   16.4   10.9    2.1    0.1 -999.9 -999.9  330.0
pea---- 1998  9 15 258    10.8   16.7    9.1    1.6    1.4 -999.9 -999.9  330.0
pea---- 1998  9 16 259    12.2   17.6    8.1    2.1    0.1 -999.9 -999.9  330.0
pea---- 1998  9 17 260     9.5   18.2   10.9    2.0    0.1 -999.9 -999.9  330.0
pea---- 1998  9 18 261     5.3   19.6   15.0    1.8    0.0 -999.9 -999.9  330.0
pea---- 1998  9 19 262     5.3   21.7   15.0    1.9    0.0 -999.9 -999.9  330.0
pea---- 1998  9 20 263     8.1   21.8   15.3    2.3    0.0 -999.9 -999.9  330.0
pea---- 1998  9 21 264    10.1   21.6   15.8    3.0    0.0 -999.9 -999.9  330.0
pea---- 1998  9 22 265    10.5   20.6   14.3    2.7    0.0 -999.9 -999.9  330.0
pea---- 1998  9 23 266     9.3   23.8   14.6    2.4    0.0 -999.9 -999.9  330.0
pea---- 1998  9 24 267     7.1   24.4   11.4    2.0    0.0 -999.9 -999.9  330.0
pea---- 1998  9 25 268    12.0   25.4   12.9    2.6    0.6 -999.9 -999.9  330.0
pea---- 1998  9 26 269    13.8   21.8    5.2    1.7    4.7 -999.9 -999.9  330.0
pea---- 1998  9 27 270    11.2   18.0    5.2    1.1    6.2 -999.9 -999.9  330.0
pea---- 1998  9 28 271    12.1   19.0    7.9    1.3    0.1 -999.9 -999.9  330.0
pea---- 1998  9 29 272    11.5   19.5    6.9    1.1    1.7 -999.9 -999.9  330.0
pea---- 1998  9 30 273    13.9   19.8   11.6    2.4    0.1 -999.9 -999.9  330.0
pea---- 1998 10  1 274     8.4   19.2   11.4    1.7    0.0 -999.9 -999.9  330.0
pea---- 1998 10  2 275     9.3   16.9   10.9    1.4    0.0 -999.9 -999.9  330.0
pea---- 1998 10  3 276     6.1    8.1    2.6    0.5    0.9 -999.9 -999.9  330.0
pea---- 1998 10  4 277     6.0   12.2    5.4    0.9    0.0 -999.9 -999.9  330.0
pea---- 1998 10  5 278     5.3   15.4    9.8    1.1    0.1 -999.9 -999.9  330.0
pea---- 1998 10  6 279     4.2   11.2    2.2    0.1    3.8 -999.9 -999.9  330.0
pea---- 1998 10  7 280     7.5    9.8    2.9    0.4    0.2 -999.9 -999.9  330.0
pea---- 1998 10  8 281     7.5    9.6    2.5    0.3    8.3 -999.9 -999.9  330.0
pea---- 1998 10  9 282     5.9   10.2    3.4    0.3    0.3 -999.9 -999.9  330.0
pea---- 1998 10 10 283     9.2   13.1    3.5    0.6    1.9 -999.9 -999.9  330.0
pea---- 1998 10 11 284     8.9   12.2    2.2    0.1    8.0 -999.9 -999.9  330.0
pea---- 1998 10 12 285     9.3   15.4   10.1    1.6    0.1 -999.9 -999.9  330.0
pea---- 1998 10 13 286     5.3   14.0    6.3    0.7    3.5 -999.9 -999.9  330.0
pea---- 1998 10 14 287    10.5   17.7    5.0    0.5    0.2 -999.9 -999.9  330.0
pea---- 1998 10 15 288    13.2   15.8    3.4    0.7    1.1 -999.9 -999.9  330.0
pea---- 1998 10 16 289    11.4   17.5    3.8    0.8    0.2 -999.9 -999.9  330.0
pea---- 1998 10 17 290    10.0   16.9    3.5    1.0    4.0 -999.9 -999.9  330.0
pea---- 1998 10 18 291     5.3   12.9    6.5    0.7    0.3 -999.9 -999.9  330.0
pea---- 1998 10 19 292     0.6   13.8    8.2    0.6    0.1 -999.9 -999.9  330.0
pea---- 1998 10 20 293     1.9   14.8    8.5    0.7    0.0 -999.9 -999.9  330.0
pea---- 1998 10 21 294     5.2   15.0    5.5    1.0    0.1 -999.9 -999.9  330.0
pea---- 1998 10 22 295    10.7   16.9    5.5    1.1    1.9 -999.9 -999.9  330.0
pea---- 1998 10 23 296    11.1   18.0    4.8    1.1   14.5 -999.9 -999.9  330.0
pea---- 1998 10 24 297     8.7   15.2    2.8    0.7   17.9 -999.9 -999.9  330.0
pea---- 1998 10 25 298     7.8   14.6    5.4    1.2    4.2 -999.9 -999.9  330.0
pea---- 1998 10 26 299     4.9   11.3    3.6    0.6    1.8 -999.9 -999.9  330.0
pea---- 1998 10 27 300     5.2   13.8    4.5    0.2    0.8 -999.9 -999.9  330.0
pea---- 1998 10 28 301    11.9   16.8    1.8    0.5   33.1 -999.9 -999.9  330.0
pea---- 1998 10 29 302     7.4   13.3    6.3    1.0    0.0 -999.9 -999.9  330.0
pea---- 1998 10 30 303     4.8   10.9    3.6    0.6    4.0 -999.9 -999.9  330.0
pea---- 1998 10 31 304     3.2   13.7    2.8    0.1   16.5 -999.9 -999.9  330.0
pea---- 1998 11  1 305     4.7   11.3    5.9    0.5    0.4 -999.9 -999.9  330.0
pea---- 1998 11  2 306     1.5   12.0    6.7    0.2    1.6 -999.9 -999.9  330.0
pea---- 1998 11  3 307     7.8   11.9    5.7    1.0    0.4 -999.9 -999.9  330.0
pea---- 1998 11  4 308     3.7    8.5    2.0    0.3    1.3 -999.9 -999.9  330.0
pea---- 1998 11  5 309    -0.1    9.0    8.0    0.2    0.5 -999.9 -999.9  330.0
pea---- 1998 11  6 310     3.7   11.1    3.8    0.3    0.4 -999.9 -999.9  330.0
pea---- 1998 11  7 311     1.9    6.6    1.5    0.0    0.1 -999.9 -999.9  330.0
pea---- 1998 11  8 312     0.8   13.1    3.8    0.1    0.7 -999.9 -999.9  330.0
pea---- 1998 11  9 313    10.8   14.7    1.5    0.5    0.4 -999.9 -999.9  330.0
pea---- 1998 11 10 314     7.6   13.6    3.6    0.6    0.2 -999.9 -999.9  330.0
pea---- 1998 11 11 315     0.1   11.1    6.2    0.1    0.0 -999.9 -999.9  330.0
pea---- 1998 11 12 316     0.3    6.8    2.5    0.2    0.8 -999.9 -999.9  330.0
pea---- 1998 11 13 317     3.9    8.2    2.9    0.4    1.1 -999.9 -999.9  330.0
pea---- 1998 11 14 318     4.8    8.8    4.6    0.6    2.4 -999.9 -999.9  330.0
pea---- 1998 11 15 319     2.7    8.2    2.8    0.4    0.1 -999.9 -999.9  330.0
pea---- 1998 11 16 320     3.4    6.0    1.6    0.5    0.0 -999.9 -999.9  330.0
pea---- 1998 11 17 321    -3.3    0.0    3.8    0.0    0.1 -999.9 -999.9  330.0
pea---- 1998 11 18 322    -5.6    4.5    7.4    0.0    0.1 -999.9 -999.9  330.0
pea---- 1998 11 19 323    -4.7    2.0    1.3    0.0    2.4 -999.9 -999.9  330.0
pea---- 1998 11 20 324    -2.6    1.3    6.8    0.0    0.0 -999.9 -999.9  330.0
pea---- 1998 11 21 325    -6.5    1.5    8.6    0.0    0.0 -999.9 -999.9  330.0
pea---- 1998 11 22 326    -7.7   -1.7    6.9    0.0    0.0 -999.9 -999.9  330.0
pea---- 1998 11 23 327    -9.7   -0.2    7.4    0.0    0.0 -999.9 -999.9  330.0
pea---- 1998 11 24 328   -13.0   -0.8    4.7    0.0    0.0 -999.9 -999.9  330.0
pea---- 1998 11 25 329    -3.0    2.1    1.8    0.2    3.3 -999.9 -999.9  330.0
pea---- 1998 11 26 330     0.1    4.6    1.4    0.2    2.9 -999.9 -999.9  330.0
pea---- 1998 11 27 331     1.6    8.4    3.6    0.1    0.0 -999.9 -999.9  330.0
pea---- 1998 11 28 332    -1.4    3.7    2.9    0.0    6.7 -999.9 -999.9  330.0
pea---- 1998 11 29 333     1.7    6.5    1.0    0.1    5.2 -999.9 -999.9  330.0
pea---- 1998 11 30 334     1.3    2.4    1.0    0.3    0.0 -999.9 -999.9  330.0
pea---- 1998 12  1 335     0.6    2.6    0.9    0.5    0.0 -999.9 -999.9  330.0
pea---- 1998 12  2 336    -2.1   -0.8    1.2    0.4    0.0 -999.9 -999.9  330.0
pea---- 1998 12  3 337    -1.2    0.8    1.8    0.2    0.0 -999.9 -999.9  330.0
pea---- 1998 12  4 338    -1.4    2.0    0.8    0.1    0.2 -999.9 -999.9  330.0
pea---- 1998 12  5 339    -0.3    2.7    3.7    0.1    1.1 -999.9 -999.9  330.0
pea---- 1998 12  6 340    -0.5    3.0    3.8    0.1    0.0 -999.9 -999.9  330.0
pea---- 1998 12  7 341    -4.7    3.1    6.9    0.0    0.0 -999.9 -999.9  330.0
pea---- 1998 12  8 342    -5.1    1.3    1.2    0.0    3.3 -999.9 -999.9  330.0
pea---- 1998 12  9 343     0.9    5.0    1.4    0.0    3.9 -999.9 -999.9  330.0
pea---- 1998 12 10 344     2.7    8.3    1.2    0.0    8.8 -999.9 -999.9  330.0
pea---- 1998 12 11 345     4.9   10.0    2.3    0.1    2.6 -999.9 -999.9  330.0
pea---- 1998 12 12 346     4.7   13.9    0.6    0.0    5.7 -999.9 -999.9  330.0
pea---- 1998 12 13 347     5.2   10.7    2.8    0.0    0.0 -999.9 -999.9  330.0
pea---- 1998 12 14 348     3.8   10.7    1.2    0.0    0.2 -999.9 -999.9  330.0
pea---- 1998 12 15 349     5.5    8.0    1.3    0.1    0.2 -999.9 -999.9  330.0
pea---- 1998 12 16 350     3.0    8.6    1.9    0.0    0.0 -999.9 -999.9  330.0
pea---- 1998 12 17 351    -0.8    9.3    5.0    0.0    0.0 -999.9 -999.9  330.0
pea---- 1998 12 18 352     0.8    9.4    0.9    0.0    2.3 -999.9 -999.9  330.0
pea---- 1998 12 19 353     4.6    8.9    3.3    0.3    1.4 -999.9 -999.9  330.0
pea---- 1998 12 20 354     2.5    5.7    2.1    0.3    0.6 -999.9 -999.9  330.0
pea---- 1998 12 21 355    -1.7    4.9    3.1    0.0    0.0 -999.9 -999.9  330.0
pea---- 1998 12 22 356    -1.3    3.2    1.8    0.1    0.1 -999.9 -999.9  330.0
pea---- 1998 12 23 357    -0.8    4.6    4.0    0.0    0.5 -999.9 -999.9  330.0
pea---- 1998 12 24 358    -0.2    5.8    3.0    0.0    0.2 -999.9 -999.9  330.0
pea---- 1998 12 25 359     1.9    7.8    0.8    0.1    1.0 -999.9 -999.9  330.0
pea---- 1998 12 26 360     5.6    8.6    1.0    0.4    7.5 -999.9 -999.9  330.0
pea---- 1998 12 27 361     7.4   11.7    1.2    1.2    0.9 -999.9 -999.9  330.0
pea---- 1998 12 28 362     5.6    8.6    0.5    0.5    1.9 -999.9 -999.9  330.0
pea---- 1998 12 29 363     0.5   10.7    4.5    0.0    0.0 -999.9 -999.9  330.0
pea---- 1998 12 30 364     2.7   11.3    4.0    0.2    1.0 -999.9 -999.9  330.0
pea---- 1998 12 31 365     6.5    9.7    1.2    1.1    1.3 -999.9 -999.9  330.0
