barley- 2001  1  1   1     0.3    9.1    0.5    0.1    3.0 -999.9 -999.9  330.0
barley- 2001  1  2   2     6.4   11.7    2.9    0.5    1.0 -999.9 -999.9  330.0
barley- 2001  1  3   3     4.6    9.5    3.6    0.4    1.0 -999.9 -999.9  330.0
barley- 2001  1  4   4     7.3   11.0    2.9    0.7    3.5 -999.9 -999.9  330.0
barley- 2001  1  5   5     7.5   13.0    1.1    0.8    2.0 -999.9 -999.9  330.0
barley- 2001  1  6   6     4.9    8.2    1.7    0.3    0.0 -999.9 -999.9  330.0
barley- 2001  1  7   7     2.1    7.8    2.0    0.0    0.5 -999.9 -999.9  330.0
barley- 2001  1  8   8    -0.3    7.0    4.2    0.0    0.0 -999.9 -999.9  330.0
barley- 2001  1  9   9     0.5    6.3    2.6    0.0    1.0 -999.9 -999.9  330.0
barley- 2001  1 10  10     2.6   11.0    2.6    0.4    0.0 -999.9 -999.9  330.0
barley- 2001  1 11  11     7.8    9.5    1.2    0.2    2.0 -999.9 -999.9  330.0
barley- 2001  1 12  12     3.2    6.1    0.6    0.2    0.0 -999.9 -999.9  330.0
barley- 2001  1 13  13    -0.4    2.7    5.1    0.3    0.0 -999.9 -999.9  330.0
barley- 2001  1 14  14    -1.7    3.6    5.4    0.6    0.0 -999.9 -999.9  330.0
barley- 2001  1 15  15    -4.3    0.6    1.7    0.4    0.0 -999.9 -999.9  330.0
barley- 2001  1 16  16    -2.5    3.9    1.8    0.2    0.0 -999.9 -999.9  330.0
barley- 2001  1 17  17    -0.5    2.3    1.7    0.1    5.5 -999.9 -999.9  330.0
barley- 2001  1 18  18     1.2    4.6    1.6    0.1    2.0 -999.9 -999.9  330.0
barley- 2001  1 19  19     1.4    2.9    1.2    0.0    1.0 -999.9 -999.9  330.0
barley- 2001  1 20  20    -0.3    3.7    2.9    0.0    0.0 -999.9 -999.9  330.0
barley- 2001  1 21  21    -1.2    9.1    1.3    0.0    6.5 -999.9 -999.9  330.0
barley- 2001  1 22  22     4.7   10.1    2.5    0.4    5.5 -999.9 -999.9  330.0
barley- 2001  1 23  23     5.5   12.5    1.1    0.5    5.0 -999.9 -999.9  330.0
barley- 2001  1 24  24     6.6   11.4    4.1    0.8    3.5 -999.9 -999.9  330.0
barley- 2001  1 25  25     5.4    9.9    3.6    0.4    0.5 -999.9 -999.9  330.0
barley- 2001  1 26  26     4.1    8.0    3.2    0.5    5.0 -999.9 -999.9  330.0
barley- 2001  1 27  27     3.0    7.8    4.9    0.3    0.0 -999.9 -999.9  330.0
barley- 2001  1 28  28     2.5    8.8    4.2    0.3    0.0 -999.9 -999.9  330.0
barley- 2001  1 29  29     0.7    4.9    2.7    0.2    0.0 -999.9 -999.9  330.0
barley- 2001  1 30  30    -0.1    2.0    1.6    0.1    2.0 -999.9 -999.9  330.0
barley- 2001  1 31  31     0.2    3.8    1.6    0.1    0.5 -999.9 -999.9  330.0
barley- 2001  2  1  32    -1.3    2.4    6.3    0.0    0.0 -999.9 -999.9  330.0
barley- 2001  2  2  33    -2.0    6.0    1.6    0.1    0.5 -999.9 -999.9  330.0
barley- 2001  2  3  34     3.5   10.1    1.5    0.1    9.5 -999.9 -999.9  330.0
barley- 2001  2  4  35     9.2   11.6    2.9    0.7    2.0 -999.9 -999.9  330.0
barley- 2001  2  5  36     8.8   11.9    2.2    0.9    0.0 -999.9 -999.9  330.0
barley- 2001  2  6  37     9.2   13.5    2.1    1.2    3.0 -999.9 -999.9  330.0
barley- 2001  2  7  38     8.4   11.7    1.1    0.2    2.0 -999.9 -999.9  330.0
barley- 2001  2  8  39     7.7   11.0    4.2    0.8    6.5 -999.9 -999.9  330.0
barley- 2001  2  9  40     3.8    5.5    2.2    0.3    0.5 -999.9 -999.9  330.0
barley- 2001  2 10  41    -0.8    9.1    7.0    0.3    0.0 -999.9 -999.9  330.0
barley- 2001  2 11  42     6.0   12.3    2.1    0.3    0.0 -999.9 -999.9  330.0
barley- 2001  2 12  43     4.6   15.3    4.7    0.5    0.5 -999.9 -999.9  330.0
barley- 2001  2 13  44     6.1    9.5    4.3    0.9    0.0 -999.9 -999.9  330.0
barley- 2001  2 14  45     1.1    9.8    8.9    0.6    0.0 -999.9 -999.9  330.0
barley- 2001  2 15  46    -1.1   10.7    8.5    0.4    0.0 -999.9 -999.9  330.0
barley- 2001  2 16  47    -0.9    7.4    2.9    0.3    0.0 -999.9 -999.9  330.0
barley- 2001  2 17  48     3.5    5.8    2.3    0.7    0.0 -999.9 -999.9  330.0
barley- 2001  2 18  49     3.2    7.1    7.1    0.8    0.0 -999.9 -999.9  330.0
barley- 2001  2 19  50    -1.5    8.5    8.6    0.4    0.0 -999.9 -999.9  330.0
barley- 2001  2 20  51     0.2    8.5    4.6    0.6    0.0 -999.9 -999.9  330.0
barley- 2001  2 21  52    -0.9    8.1    4.3    0.5    0.0 -999.9 -999.9  330.0
barley- 2001  2 22  53     6.7   10.0    2.6    0.6    0.0 -999.9 -999.9  330.0
barley- 2001  2 23  54     4.6    8.6    5.3    1.0    1.5 -999.9 -999.9  330.0
barley- 2001  2 24  55    -0.2    6.6    5.8    0.4    1.0 -999.9 -999.9  330.0
barley- 2001  2 25  56    -1.3    4.0   10.7    0.6    5.0 -999.9 -999.9  330.0
barley- 2001  2 26  57    -3.3    4.4    7.0    0.7    0.0 -999.9 -999.9  330.0
barley- 2001  2 27  58    -1.0    7.2    3.4    0.7    0.0 -999.9 -999.9  330.0
barley- 2001  2 28  59    -0.2    4.0    3.4    0.4    2.0 -999.9 -999.9  330.0
barley- 2001  3  1  60     0.3    5.4    4.7    0.5    0.0 -999.9 -999.9  330.0
barley- 2001  3  2  61    -2.9    5.2    5.9    0.5    0.0 -999.9 -999.9  330.0
barley- 2001  3  3  62    -0.3    6.2    7.0    0.7    3.5 -999.9 -999.9  330.0
barley- 2001  3  4  63     2.9    9.4    6.7    0.7    0.5 -999.9 -999.9  330.0
barley- 2001  3  5  64    -0.9    6.6    4.9    0.4    0.0 -999.9 -999.9  330.0
barley- 2001  3  6  65     1.4   14.9   13.8    1.3    2.5 -999.9 -999.9  330.0
barley- 2001  3  7  66     9.3   17.9    9.5    1.1    3.0 -999.9 -999.9  330.0
barley- 2001  3  8  67     7.5   14.1    8.7    1.0    8.5 -999.9 -999.9  330.0
barley- 2001  3  9  68     7.5   13.5    7.7    1.1    3.0 -999.9 -999.9  330.0
barley- 2001  3 10  69     8.7   14.5    6.3    1.0    2.0 -999.9 -999.9  330.0
barley- 2001  3 11  70    11.7   15.6    4.7    1.1    3.0 -999.9 -999.9  330.0
barley- 2001  3 12  71     8.4   12.5    6.6    1.1    3.5 -999.9 -999.9  330.0
barley- 2001  3 13  72     4.8   10.5    7.2    1.2    0.5 -999.9 -999.9  330.0
barley- 2001  3 14  73     5.0   10.6    8.2    1.1    4.5 -999.9 -999.9  330.0
barley- 2001  3 15  74     8.6   13.7    4.5    0.8    0.5 -999.9 -999.9  330.0
barley- 2001  3 16  75     5.8   16.5   13.9    1.5    0.0 -999.9 -999.9  330.0
barley- 2001  3 17  76     5.2   16.3   12.9    1.4    8.5 -999.9 -999.9  330.0
barley- 2001  3 18  77     6.8   13.2    5.7    1.1    8.5 -999.9 -999.9  330.0
barley- 2001  3 19  78     2.1    7.6    8.4    1.2    0.0 -999.9 -999.9  330.0
barley- 2001  3 20  79     3.8   13.8    2.6    0.5   16.5 -999.9 -999.9  330.0
barley- 2001  3 21  80    10.6   14.8   10.3    1.8    8.0 -999.9 -999.9  330.0
barley- 2001  3 22  81     9.8   13.6    7.7    1.7    2.5 -999.9 -999.9  330.0
barley- 2001  3 23  82     9.7   15.9    7.2    1.6    0.5 -999.9 -999.9  330.0
barley- 2001  3 24  83     8.5   16.3    7.7    1.3    7.0 -999.9 -999.9  330.0
barley- 2001  3 25  84     5.6    9.1    2.1    0.4    1.5 -999.9 -999.9  330.0
barley- 2001  3 26  85     4.0    7.1    4.0    0.7    0.0 -999.9 -999.9  330.0
barley- 2001  3 27  86     1.0   14.5   15.3    1.6    7.0 -999.9 -999.9  330.0
barley- 2001  3 28  87     6.3   10.3    7.4    1.3    7.5 -999.9 -999.9  330.0
barley- 2001  3 29  88     6.1   11.7   12.6    1.7    3.0 -999.9 -999.9  330.0
barley- 2001  3 30  89     2.9   13.1   17.5    2.0    0.0 -999.9 -999.9  330.0
barley- 2001  3 31  90     2.7   13.9   10.8    1.6    0.0 -999.9 -999.9  330.0
barley- 2001  4  1  91     5.8   18.4   18.7    2.3    0.0 -999.9 -999.9  330.0
barley- 2001  4  2  92     7.1   23.0   20.1    3.3    0.5 -999.9 -999.9  330.0
barley- 2001  4  3  93     8.9   16.8   14.9    2.8    0.0 -999.9 -999.9  330.0
barley- 2001  4  4  94     7.2   13.9   14.4    2.5    2.0 -999.9 -999.9  330.0
barley- 2001  4  5  95     2.2   11.1   11.0    1.6    3.0 -999.9 -999.9  330.0
barley- 2001  4  6  96     8.3   13.9    6.0    1.4    6.0 -999.9 -999.9  330.0
barley- 2001  4  7  97     5.6   11.5   11.5    1.7    2.0 -999.9 -999.9  330.0
barley- 2001  4  8  98     7.0   11.9    9.7    1.6    1.5 -999.9 -999.9  330.0
barley- 2001  4  9  99     7.2   12.6    4.2    0.8    2.0 -999.9 -999.9  330.0
barley- 2001  4 10 100     8.2   13.4   16.1    2.3    2.5 -999.9 -999.9  330.0
barley- 2001  4 11 101     6.7    9.6    3.7    1.1    0.0 -999.9 -999.9  330.0
barley- 2001  4 12 102     3.2   11.6   13.5    1.9    0.0 -999.9 -999.9  330.0
barley- 2001  4 13 103     2.6    9.3   11.1    1.6    0.0 -999.9 -999.9  330.0
barley- 2001  4 14 104    -0.7   10.1   21.5    2.6    0.0 -999.9 -999.9  330.0
barley- 2001  4 15 105     6.7   12.6    8.9    1.7    1.0 -999.9 -999.9  330.0
barley- 2001  4 16 106     4.0   13.2   16.0    2.3    0.0 -999.9 -999.9  330.0
barley- 2001  4 17 107     3.4   10.6   11.2    1.7    0.0 -999.9 -999.9  330.0
barley- 2001  4 18 108     2.9   11.2   10.4    1.6    2.0 -999.9 -999.9  330.0
barley- 2001  4 19 109    -0.7    9.3   20.2    2.1    0.5 -999.9 -999.9  330.0
barley- 2001  4 20 110    -0.9    8.7   16.4    1.8    2.5 -999.9 -999.9  330.0
barley- 2001  4 21 111     2.5   10.6   17.5    2.3    0.0 -999.9 -999.9  330.0
barley- 2001  4 22 112    -1.1   12.4   18.8    2.3    0.0 -999.9 -999.9  330.0
barley- 2001  4 23 113     5.5   16.4   15.8    2.5    0.0 -999.9 -999.9  330.0
barley- 2001  4 24 114     4.8   19.2   11.8    2.0    2.0 -999.9 -999.9  330.0
barley- 2001  4 25 115     7.5   13.2   15.1    2.5    2.0 -999.9 -999.9  330.0
barley- 2001  4 26 116     6.4   16.0   21.2    3.4    0.0 -999.9 -999.9  330.0
barley- 2001  4 27 117     7.8   15.0   11.8    2.0    0.5 -999.9 -999.9  330.0
barley- 2001  4 28 118     9.3   11.6    5.2    1.1    4.5 -999.9 -999.9  330.0
barley- 2001  4 29 119     8.5   13.7   13.9    2.2    2.0 -999.9 -999.9  330.0
barley- 2001  4 30 120     8.5   14.5    5.9    1.0   10.0 -999.9 -999.9  330.0
barley- 2001  5  1 121     9.7   16.6   17.7    2.9    0.0 -999.9 -999.9  330.0
barley- 2001  5  2 122    10.3   20.8   14.8    2.5    0.0 -999.9 -999.9  330.0
barley- 2001  5  3 123    12.0   15.2    7.0    1.4    2.0 -999.9 -999.9  330.0
barley- 2001  5  4 124     7.5   14.2   12.9    1.9    0.0 -999.9 -999.9  330.0
barley- 2001  5  5 125     6.4   10.5    3.2    1.3    0.0 -999.9 -999.9  330.0
barley- 2001  5  6 126     5.3   13.0   15.1    2.8    0.0 -999.9 -999.9  330.0
barley- 2001  5  7 127     8.3   14.9   13.7    2.6    0.0 -999.9 -999.9  330.0
barley- 2001  5  8 128     9.6   19.5   22.4    3.8    0.0 -999.9 -999.9  330.0
barley- 2001  5  9 129    12.1   20.6   18.4    3.3    0.0 -999.9 -999.9  330.0
barley- 2001  5 10 130    12.1   19.5    9.6    1.9    0.0 -999.9 -999.9  330.0
barley- 2001  5 11 131    13.9   25.3   29.1    5.4    0.0 -999.9 -999.9  330.0
barley- 2001  5 12 132     9.9   26.6   24.3    4.7    0.0 -999.9 -999.9  330.0
barley- 2001  5 13 133    11.3   24.0   22.9    4.2    3.6 -999.9 -999.9  330.0
barley- 2001  5 14 134     9.8   15.6    8.4    1.4   13.6 -999.9 -999.9  330.0
barley- 2001  5 15 135     8.2   18.6   15.3    2.5    1.0 -999.9 -999.9  330.0
barley- 2001  5 16 136    10.4   18.9   15.3    3.1    0.0 -999.9 -999.9  330.0
barley- 2001  5 17 137    10.2   17.1   18.6    3.8    0.4 -999.9 -999.9  330.0
barley- 2001  5 18 138     5.1   16.5   17.6    2.9    0.8 -999.9 -999.9  330.0
barley- 2001  5 19 139     4.0   19.5   27.8    4.1    0.0 -999.9 -999.9  330.0
barley- 2001  5 20 140     7.1   20.2   29.2    4.9    0.0 -999.9 -999.9  330.0
barley- 2001  5 21 141     9.1   23.5   30.1    5.7    0.0 -999.9 -999.9  330.0
barley- 2001  5 22 142     9.6   22.6   29.0    5.2    0.0 -999.9 -999.9  330.0
barley- 2001  5 23 143     9.2   25.5   28.2    4.9    0.0 -999.9 -999.9  330.0
barley- 2001  5 24 144    15.1   21.4    7.3    1.7    2.2 -999.9 -999.9  330.0
barley- 2001  5 25 145    15.0   26.3   26.0    4.9    0.0 -999.9 -999.9  330.0
barley- 2001  5 26 146    10.8   23.8   25.3    4.5    0.0 -999.9 -999.9  330.0
barley- 2001  5 27 147    10.9   23.9   20.5    3.6    0.0 -999.9 -999.9  330.0
barley- 2001  5 28 148    12.1   28.2   28.5    5.2    0.0 -999.9 -999.9  330.0
barley- 2001  5 29 149    13.8   28.3   29.0    5.4    0.0 -999.9 -999.9  330.0
barley- 2001  5 30 150    13.0   28.1   27.8    5.1    0.0 -999.9 -999.9  330.0
barley- 2001  5 31 151    12.5   21.7   29.7    4.5    0.0 -999.9 -999.9  330.0
barley- 2001  6  1 152     6.5   20.2   21.5    3.7    0.0 -999.9 -999.9  330.0
barley- 2001  6  2 153    10.5   18.3   12.1    2.7    0.2 -999.9 -999.9  330.0
barley- 2001  6  3 154     6.4   16.5   29.3    4.4    0.0 -999.9 -999.9  330.0
barley- 2001  6  4 155     2.4   20.4   31.3    4.5    0.0 -999.9 -999.9  330.0
barley- 2001  6  5 156     4.9   23.3   24.6    4.3    0.0 -999.9 -999.9  330.0
barley- 2001  6  6 157    12.1   20.1   18.9    3.9    0.2 -999.9 -999.9  330.0
barley- 2001  6  7 158    10.8   20.7   13.3    2.9    6.0 -999.9 -999.9  330.0
barley- 2001  6  8 159    10.0   16.2    9.6    1.7    1.8 -999.9 -999.9  330.0
barley- 2001  6  9 160     8.8   18.2   17.1    2.8    0.0 -999.9 -999.9  330.0
barley- 2001  6 10 161     6.8   19.8   27.1    4.3    0.0 -999.9 -999.9  330.0
barley- 2001  6 11 162     6.0   20.3   29.3    4.6    0.0 -999.9 -999.9  330.0
barley- 2001  6 12 163     5.5   23.9   29.9    4.8    0.0 -999.9 -999.9  330.0
barley- 2001  6 13 164     9.4   24.8   22.1    3.9    8.8 -999.9 -999.9  330.0
barley- 2001  6 14 165     7.1   23.5   23.7    4.1    0.0 -999.9 -999.9  330.0
barley- 2001  6 15 166    12.8   18.8    9.7    2.1    1.2 -999.9 -999.9  330.0
barley- 2001  6 16 167    11.3   20.8   19.4    3.7    8.4 -999.9 -999.9  330.0
barley- 2001  6 17 168    12.0   19.3   16.5    3.2    2.8 -999.9 -999.9  330.0
barley- 2001  6 18 169     9.1   18.1   15.7    2.9    0.0 -999.9 -999.9  330.0
barley- 2001  6 19 170     7.2   20.3   31.0    4.8    0.0 -999.9 -999.9  330.0
barley- 2001  6 20 171     6.6   25.5   31.9    5.3    0.0 -999.9 -999.9  330.0
barley- 2001  6 21 172    11.1   24.7   29.9    5.6    0.0 -999.9 -999.9  330.0
barley- 2001  6 22 173     9.9   24.7   30.8    5.3    0.0 -999.9 -999.9  330.0
barley- 2001  6 23 174     9.1   26.4   30.5    5.5    0.0 -999.9 -999.9  330.0
barley- 2001  6 24 175    11.3   31.0   29.8    5.8    0.0 -999.9 -999.9  330.0
barley- 2001  6 25 176    14.2   31.1   31.1    6.9    0.0 -999.9 -999.9  330.0
barley- 2001  6 26 177    14.8   34.9   28.8    6.8    3.6 -999.9 -999.9  330.0
barley- 2001  6 27 178    16.4   20.9    9.7    2.5    3.4 -999.9 -999.9  330.0
barley- 2001  6 28 179    13.5   25.6   30.6    5.8    0.0 -999.9 -999.9  330.0
barley- 2001  6 29 180    12.3   28.3   26.0    5.1    0.0 -999.9 -999.9  330.0
barley- 2001  6 30 181    15.6   28.0   23.6    5.2    0.0 -999.9 -999.9  330.0
barley- 2001  7  1 182    11.8   26.1   29.7    5.5    0.0 -999.9 -999.9  330.0
barley- 2001  7  2 183    13.2   28.7   30.4    6.1    0.0 -999.9 -999.9  330.0
barley- 2001  7  3 184    14.8   30.4   30.7    6.5    0.0 -999.9 -999.9  330.0
barley- 2001  7  4 185    16.8   28.6   21.4    5.4   39.6 -999.9 -999.9  330.0
barley- 2001  7  5 186    16.6   22.0   14.9    2.9    4.5 -999.9 -999.9  330.0
barley- 2001  7  6 187    15.9   26.5   21.9    4.3   43.0 -999.9 -999.9  330.0
barley- 2001  7  7 188    15.2   20.3    8.9    1.9    3.2 -999.9 -999.9  330.0
barley- 2001  7  8 189    14.9   21.3   13.8    3.0    0.0 -999.9 -999.9  330.0
barley- 2001  7  9 190    11.2   25.5   28.4    4.2    0.2 -999.9 -999.9  330.0
barley- 2001  7 10 191    14.1   23.3   19.8    4.7    0.8 -999.9 -999.9  330.0
barley- 2001  7 11 192    13.7   22.5   23.5    5.6    0.0 -999.9 -999.9  330.0
barley- 2001  7 12 193    11.2   20.3    9.4    2.0   12.0 -999.9 -999.9  330.0
barley- 2001  7 13 194    12.3   19.3   12.7    2.4   32.6 -999.9 -999.9  330.0
barley- 2001  7 14 195    13.5   19.3    7.9    1.6   16.6 -999.9 -999.9  330.0
barley- 2001  7 15 196    11.8   22.3   22.9    4.0    0.0 -999.9 -999.9  330.0
barley- 2001  7 16 197     9.5   23.5   23.0    4.0    0.0 -999.9 -999.9  330.0
barley- 2001  7 17 198     9.9   20.6   11.0    2.3    9.4 -999.9 -999.9  330.0
barley- 2001  7 18 199    12.7   18.2    9.8    2.3   10.2 -999.9 -999.9  330.0
barley- 2001  7 19 200    13.7   19.7   13.6    2.8    0.0 -999.9 -999.9  330.0
barley- 2001  7 20 201     9.4   21.0   13.2    2.9    0.0 -999.9 -999.9  330.0
barley- 2001  7 21 202    11.0   26.4   21.3    4.3    0.0 -999.9 -999.9  330.0
barley- 2001  7 22 203    12.9   30.6   27.2    5.5    0.0 -999.9 -999.9  330.0
barley- 2001  7 23 204    16.1   26.2   17.4    3.8    0.0 -999.9 -999.9  330.0
barley- 2001  7 24 205    14.1   28.2   32.9    5.8    0.0 -999.9 -999.9  330.0
barley- 2001  7 25 206    15.3   31.1   24.1    5.1    0.0 -999.9 -999.9  330.0
barley- 2001  7 26 207    17.6   31.2   18.2    4.1    0.0 -999.9 -999.9  330.0
barley- 2001  7 27 208    15.1   32.3   20.4    4.2    3.6 -999.9 -999.9  330.0
barley- 2001  7 28 209    16.7   30.3   21.9    4.7    0.0 -999.9 -999.9  330.0
barley- 2001  7 29 210    17.3   30.0   25.5    5.6    0.0 -999.9 -999.9  330.0
barley- 2001  7 30 211    15.4   32.5   26.6    5.5    0.0 -999.9 -999.9  330.0
barley- 2001  7 31 212    17.7   32.0   23.6    5.3    0.0 -999.9 -999.9  330.0
barley- 2001  8  1 213    16.4   29.3   26.9    5.8    0.0 -999.9 -999.9  330.0
barley- 2001  8  2 214    14.2   30.1   15.2    3.8   44.6 -999.9 -999.9  330.0
barley- 2001  8  3 215    18.0   24.4   18.0    4.0    7.4 -999.9 -999.9  330.0
barley- 2001  8  4 216    14.4   22.0   21.0    4.2    0.0 -999.9 -999.9  330.0
barley- 2001  8  5 217    14.0   22.7   13.5    2.9    4.4 -999.9 -999.9  330.0
barley- 2001  8  6 218    15.1   22.4   11.1    2.6    0.4 -999.9 -999.9  330.0
barley- 2001  8  7 219    16.6   22.0    8.0    2.0   25.2 -999.9 -999.9  330.0
barley- 2001  8  8 220    13.7   22.0   16.2    3.6    0.0 -999.9 -999.9  330.0
barley- 2001  8  9 221    14.0   22.4   20.1    4.1    0.0 -999.9 -999.9  330.0
barley- 2001  8 10 222     9.5   21.2   15.3    3.1    0.0 -999.9 -999.9  330.0
barley- 2001  8 11 223     7.1   24.6   26.8    4.1    0.0 -999.9 -999.9  330.0
barley- 2001  8 12 224     9.3   26.7   25.2    4.4    0.0 -999.9 -999.9  330.0
barley- 2001  8 13 225    13.3   29.8   25.6    4.9    0.0 -999.9 -999.9  330.0
barley- 2001  8 14 226    13.5   32.4   25.7    5.1    0.0 -999.9 -999.9  330.0
barley- 2001  8 15 227    17.3   32.2   20.6    4.9   17.2 -999.9 -999.9  330.0
barley- 2001  8 16 228    17.7   23.5   15.4    3.2    0.0 -999.9 -999.9  330.0
barley- 2001  8 17 229    10.5   26.0   21.5    3.6    0.0 -999.9 -999.9  330.0
barley- 2001  8 18 230    12.6   24.8   10.8    2.3    2.0 -999.9 -999.9  330.0
barley- 2001  8 19 231    15.6   22.8   14.8    3.4    2.4 -999.9 -999.9  330.0
barley- 2001  8 20 232    14.9   23.5   13.2    2.6    0.0 -999.9 -999.9  330.0
barley- 2001  8 21 233    11.6   27.7   24.4    4.1    0.0 -999.9 -999.9  330.0
barley- 2001  8 22 234    13.0   29.2   24.0    4.2    0.0 -999.9 -999.9  330.0
barley- 2001  8 23 235    14.9   31.5   22.2    4.3    0.0 -999.9 -999.9  330.0
barley- 2001  8 24 236    15.0   32.3   23.5    4.6    0.0 -999.9 -999.9  330.0
barley- 2001  8 25 237    16.1   34.2   23.7    5.3    0.0 -999.9 -999.9  330.0
barley- 2001  8 26 238    15.6   34.0   20.6    4.7    0.0 -999.9 -999.9  330.0
barley- 2001  8 27 239    18.8   25.5   18.0    3.8    0.0 -999.9 -999.9  330.0
barley- 2001  8 28 240    10.8   24.9   24.7    4.4    0.0 -999.9 -999.9  330.0
barley- 2001  8 29 241    11.2   26.8   18.9    3.6    0.0 -999.9 -999.9  330.0
barley- 2001  8 30 242    16.4   22.5    8.8    2.2    1.2 -999.9 -999.9  330.0
barley- 2001  8 31 243    13.1   18.7   11.3    2.1    5.4 -999.9 -999.9  330.0
barley- 2001  9  1 244     8.5   22.0   14.6    2.4    0.0 -999.9 -999.9  330.0
barley- 2001  9  2 245     9.5   23.5   21.3    3.2    0.0 -999.9 -999.9  330.0
barley- 2001  9  3 246    12.1   21.1    7.4    1.7    1.4 -999.9 -999.9  330.0
barley- 2001  9  4 247    11.2   17.5   10.5    2.0    9.2 -999.9 -999.9  330.0
barley- 2001  9  5 248     9.0   19.4   16.0    2.4    0.0 -999.9 -999.9  330.0
barley- 2001  9  6 249    10.6   21.8    9.8    2.0    0.8 -999.9 -999.9  330.0
barley- 2001  9  7 250     8.0   22.1   19.4    3.2    0.0 -999.9 -999.9  330.0
barley- 2001  9  8 251    14.6   18.6    5.8    1.8    4.6 -999.9 -999.9  330.0
barley- 2001  9  9 252     8.4   17.7   16.2    2.5    0.0 -999.9 -999.9  330.0
barley- 2001  9 10 253     6.1   17.8   13.5    2.2    0.0 -999.9 -999.9  330.0
barley- 2001  9 11 254     7.6   18.8   12.8    2.1    0.0 -999.9 -999.9  330.0
barley- 2001  9 12 255    11.3   21.7   16.0    3.1    0.0 -999.9 -999.9  330.0
barley- 2001  9 13 256    13.1   16.5    4.6    1.4   10.2 -999.9 -999.9  330.0
barley- 2001  9 14 257    10.6   18.6   14.7    2.3    0.2 -999.9 -999.9  330.0
barley- 2001  9 15 258     6.9   17.7   10.5    1.7    1.6 -999.9 -999.9  330.0
barley- 2001  9 16 259     9.7   17.1   13.5    2.4    0.0 -999.9 -999.9  330.0
barley- 2001  9 17 260     5.7   16.1   12.8    1.9   22.8 -999.9 -999.9  330.0
barley- 2001  9 18 261    10.1   13.7    5.1    0.9    2.2 -999.9 -999.9  330.0
barley- 2001  9 19 262     8.7   13.7    3.6    0.7   13.0 -999.9 -999.9  330.0
barley- 2001  9 20 263    12.9   14.3    3.0    0.6   12.6 -999.9 -999.9  330.0
barley- 2001  9 21 264     6.9   18.5   12.9    1.5    0.2 -999.9 -999.9  330.0
barley- 2001  9 22 265     7.8   18.6   18.1    2.1    0.0 -999.9 -999.9  330.0
barley- 2001  9 23 266     7.4   17.4   16.6    2.0    0.2 -999.9 -999.9  330.0
barley- 2001  9 24 267     8.1   17.8    8.0    1.0    0.2 -999.9 -999.9  330.0
barley- 2001  9 25 268     7.3   17.4    6.9    0.9    6.8 -999.9 -999.9  330.0
barley- 2001  9 26 269     6.2   16.6    4.2    0.7   10.6 -999.9 -999.9  330.0
barley- 2001  9 27 270     9.7   22.6   14.1    1.7    0.4 -999.9 -999.9  330.0
barley- 2001  9 28 271     8.3   23.9   16.0    2.0    1.2 -999.9 -999.9  330.0
barley- 2001  9 29 272    13.0   18.8    3.9    0.8    9.2 -999.9 -999.9  330.0
barley- 2001  9 30 273     9.8   19.5    8.5    1.3    2.2 -999.9 -999.9  330.0
barley- 2001 10  1 274    15.6   19.5    4.5    1.3    3.2 -999.9 -999.9  330.0
barley- 2001 10  2 275    16.7   25.0   15.1    2.7   14.6 -999.9 -999.9  330.0
barley- 2001 10  3 276    13.9   17.1    3.9    0.8    0.6 -999.9 -999.9  330.0
barley- 2001 10  4 277     9.7   17.6    8.0    1.0    0.0 -999.9 -999.9  330.0
barley- 2001 10  5 278     9.1   20.7   13.0    1.6    0.2 -999.9 -999.9  330.0
barley- 2001 10  6 279    12.6   19.8    5.7    1.0    1.6 -999.9 -999.9  330.0
barley- 2001 10  7 280    13.0   19.2   12.2    2.1    1.8 -999.9 -999.9  330.0
barley- 2001 10  8 281    12.2   18.0   12.1    1.9    0.0 -999.9 -999.9  330.0
barley- 2001 10  9 282    10.4   18.2    9.3    1.2    1.2 -999.9 -999.9  330.0
barley- 2001 10 10 283     6.8   19.8   13.5    1.1    0.2 -999.9 -999.9  330.0
barley- 2001 10 11 284     5.8   21.7   15.2    1.2    0.2 -999.9 -999.9  330.0
barley- 2001 10 12 285     8.9   25.3   13.4    1.3    0.2 -999.9 -999.9  330.0
barley- 2001 10 13 286    12.6   25.6   12.7    1.5    0.4 -999.9 -999.9  330.0
barley- 2001 10 14 287    15.1   20.4    7.0    1.2    0.0 -999.9 -999.9  330.0
barley- 2001 10 15 288    12.1   22.2   10.1    1.5    0.2 -999.9 -999.9  330.0
barley- 2001 10 16 289     7.9   19.5    7.7    0.7    0.0 -999.9 -999.9  330.0
barley- 2001 10 17 290     8.6   22.9   11.8    1.2    0.2 -999.9 -999.9  330.0
barley- 2001 10 18 291    13.9   18.9    6.6    0.9    2.4 -999.9 -999.9  330.0
barley- 2001 10 19 292    11.2   19.3    4.7    0.9    0.6 -999.9 -999.9  330.0
barley- 2001 10 20 293    14.3   17.6    3.0    0.6   31.2 -999.9 -999.9  330.0
barley- 2001 10 21 294    11.9   17.8    8.3    0.9    6.4 -999.9 -999.9  330.0
barley- 2001 10 22 295    12.4   19.3    9.3    1.0    1.0 -999.9 -999.9  330.0
barley- 2001 10 23 296    13.5   18.7    5.9    0.8    3.0 -999.9 -999.9  330.0
barley- 2001 10 24 297    10.0   17.0    6.7    0.8    3.2 -999.9 -999.9  330.0
barley- 2001 10 25 298    12.7   17.2    8.4    0.7    0.4 -999.9 -999.9  330.0
barley- 2001 10 26 299     7.5   17.4   11.1    0.5    2.0 -999.9 -999.9  330.0
barley- 2001 10 27 300    11.7   16.5    4.9    0.5    1.6 -999.9 -999.9  330.0
barley- 2001 10 28 301     6.3   20.5    8.8    0.4    0.4 -999.9 -999.9  330.0
barley- 2001 10 29 302     8.8   14.9    3.5    0.3    0.2 -999.9 -999.9  330.0
barley- 2001 10 30 303     9.8   20.5    6.8    0.6    0.0 -999.9 -999.9  330.0
barley- 2001 10 31 304    10.3   15.7    5.6    0.9    0.0 -999.9 -999.9  330.0
barley- 2001 11  1 305     2.6   13.2   10.4    0.2    0.0 -999.9 -999.9  330.0
barley- 2001 11  2 306     3.0   13.6   10.5    0.3    0.0 -999.9 -999.9  330.0
barley- 2001 11  3 307     4.1   13.9   10.3    0.2    0.2 -999.9 -999.9  330.0
barley- 2001 11  4 308     2.2    9.2    3.2    0.2    0.0 -999.9 -999.9  330.0
barley- 2001 11  5 309     2.0   10.5    3.9    0.1    0.4 -999.9 -999.9  330.0
barley- 2001 11  6 310     3.2   11.8    2.9    0.2    1.6 -999.9 -999.9  330.0
barley- 2001 11  7 311    10.0   14.1    4.4    0.6    0.8 -999.9 -999.9  330.0
barley- 2001 11  8 312     4.2   10.7    3.6    0.6   12.4 -999.9 -999.9  330.0
barley- 2001 11  9 313     0.1    6.2    5.6    0.2    0.0 -999.9 -999.9  330.0
barley- 2001 11 10 314     0.1    5.4    7.7    0.1    0.0 -999.9 -999.9  330.0
barley- 2001 11 11 315    -2.4    8.7    9.4    0.0    0.0 -999.9 -999.9  330.0
barley- 2001 11 12 316     4.0    9.9    1.5    0.1    6.2 -999.9 -999.9  330.0
barley- 2001 11 13 317     6.6    9.6    2.7    0.5    0.8 -999.9 -999.9  330.0
barley- 2001 11 14 318     1.9    8.1    7.3    0.2    0.0 -999.9 -999.9  330.0
barley- 2001 11 15 319     0.0    6.8    9.2    0.0    0.0 -999.9 -999.9  330.0
barley- 2001 11 16 320    -2.4    8.8    7.7    0.0    0.2 -999.9 -999.9  330.0
barley- 2001 11 17 321     0.0    8.2    8.1    0.0    0.0 -999.9 -999.9  330.0
barley- 2001 11 18 322     0.9    2.3    1.7    0.1    0.0 -999.9 -999.9  330.0
barley- 2001 11 19 323     1.2    3.6    0.8    0.1    0.0 -999.9 -999.9  330.0
barley- 2001 11 20 324     0.4    7.5    2.6    0.2    0.0 -999.9 -999.9  330.0
barley- 2001 11 21 325     3.4   10.7    5.8    0.0    0.0 -999.9 -999.9  330.0
barley- 2001 11 22 326    -0.1    7.2    1.7    0.1    1.4 -999.9 -999.9  330.0
barley- 2001 11 23 327     0.6    8.3    7.8    0.0    0.8 -999.9 -999.9  330.0
barley- 2001 11 24 328     1.8    8.6    1.3    0.1    1.0 -999.9 -999.9  330.0
barley- 2001 11 25 329     7.7    9.7    2.3    0.1    1.8 -999.9 -999.9  330.0
barley- 2001 11 26 330     6.1    9.1    1.2    0.1    5.2 -999.9 -999.9  330.0
barley- 2001 11 27 331    -0.3    8.2    7.1    0.0    3.6 -999.9 -999.9  330.0
barley- 2001 11 28 332     5.8   10.9    5.5    0.0    0.6 -999.9 -999.9  330.0
barley- 2001 11 29 333     4.8   12.7    1.9    0.2   15.8 -999.9 -999.9  330.0
barley- 2001 11 30 334    10.5   13.1    2.2    0.2    1.0 -999.9 -999.9  330.0
barley- 2001 12  1 335    10.5   13.2    2.5    0.2    0.8 -999.9 -999.9  330.0
barley- 2001 12  2 336     4.1   10.2    2.4    0.0    0.0 -999.9 -999.9  330.0
barley- 2001 12  3 337     8.2   10.0    1.3    0.1    0.2 -999.9 -999.9  330.0
barley- 2001 12  4 338     8.2   12.2    2.1    0.3    3.0 -999.9 -999.9  330.0
barley- 2001 12  5 339     6.8   12.9    1.1    0.1    4.4 -999.9 -999.9  330.0
barley- 2001 12  6 340     6.9   10.7    4.6    0.0    0.2 -999.9 -999.9  330.0
barley- 2001 12  7 341     1.2    8.4    6.5    0.0    0.2 -999.9 -999.9  330.0
barley- 2001 12  8 342    -0.6    6.4    6.6    0.0    0.2 -999.9 -999.9  330.0
barley- 2001 12  9 343    -1.6    4.1    6.6    0.0    0.2 -999.9 -999.9  330.0
barley- 2001 12 10 344    -2.4    3.9    6.4    0.0    0.0 -999.9 -999.9  330.0
barley- 2001 12 11 345    -2.7    6.4    6.4    0.0    0.0 -999.9 -999.9  330.0
barley- 2001 12 12 346     0.1    2.8    0.7    0.0    0.2 -999.9 -999.9  330.0
barley- 2001 12 13 347     0.9    5.4    4.8    0.0    0.0 -999.9 -999.9  330.0
barley- 2001 12 14 348    -5.0   -0.3    6.4    0.4    0.0 -999.9 -999.9  330.0
barley- 2001 12 15 349    -5.8    1.6    6.2    0.0    0.0 -999.9 -999.9  330.0
barley- 2001 12 16 350    -2.8    2.7    6.5    0.0    0.0 -999.9 -999.9  330.0
barley- 2001 12 17 351    -4.3    1.6    6.2    0.0    0.0 -999.9 -999.9  330.0
barley- 2001 12 18 352    -0.4    1.1    1.3    0.2    0.0 -999.9 -999.9  330.0
barley- 2001 12 19 353    -0.7    3.7    3.1    0.0    0.0 -999.9 -999.9  330.0
barley- 2001 12 20 354     0.1    6.1    5.7    0.0    0.8 -999.9 -999.9  330.0
barley- 2001 12 21 355    -4.1    2.7    1.5    0.3    1.2 -999.9 -999.9  330.0
barley- 2001 12 22 356     0.2    4.9    6.2    0.0    0.0 -999.9 -999.9  330.0
barley- 2001 12 23 357    -4.5    2.3    4.6    0.0    0.0 -999.9 -999.9  330.0
barley- 2001 12 24 358    -7.3    3.9    2.2    0.1    0.2 -999.9 -999.9  330.0
barley- 2001 12 25 359     0.8    4.7    1.3    0.3    9.2 -999.9 -999.9  330.0
barley- 2001 12 26 360    -0.1    3.9    4.2    0.0    1.0 -999.9 -999.9  330.0
barley- 2001 12 27 361    -1.3    6.8    2.3    0.0    2.4 -999.9 -999.9  330.0
barley- 2001 12 28 362     5.8   11.0    1.4    0.3    8.0 -999.9 -999.9  330.0
barley- 2001 12 29 363     3.9   11.0    1.2    0.1   30.4 -999.9 -999.9  330.0
barley- 2001 12 30 364    -0.4    5.0    6.6    0.0    0.2 -999.9 -999.9  330.0
barley- 2001 12 31 365    -1.4    3.7    6.0    0.0    0.0 -999.9 -999.9  330.0
