climsw 2010  1  1   1    -6.0   -4.5    1.9 -999.9    7.0    6.5    3.8  330.0
climsw 2010  1  2   2    -7.5    1.5    4.6 -999.9   18.5    4.3    4.3  330.0
climsw 2010  1  3   3    -6.0    2.0    4.4 -999.9    0.0    5.6    4.0  330.0
climsw 2010  1  4   4    -5.0   -0.5    3.3 -999.9    3.0    5.8    4.1  330.0
climsw 2010  1  5   5    -7.5   -3.5    3.2 -999.9    0.0    5.4    3.7  330.0
climsw 2010  1  6   6    -6.0   -2.5    3.0 -999.9    0.0    7.1    3.7  330.0
climsw 2010  1  7   7    -6.0   -2.0    3.2 -999.9    0.0    6.5    3.4  330.0
climsw 2010  1  8   8   -12.0   -4.5    4.4 -999.9    0.0    4.4    2.4  330.0
climsw 2010  1  9   9   -17.0  -11.0    4.0 -999.9    0.0    6.4    1.2  330.0
climsw 2010  1 10  10   -20.0  -13.0    4.3 -999.9    0.0    3.7    1.2  330.0
climsw 2010  1 11  11   -17.5   -6.0    5.6 -999.9    0.0    3.6    1.9  330.0
climsw 2010  1 12  12   -14.5   -9.0    3.9 -999.9    0.0    5.1    1.5  330.0
climsw 2010  1 13  13   -20.0  -12.5    4.6 -999.9    0.0    5.2    1.1  330.0
climsw 2010  1 14  14   -25.0   -4.5    7.7 -999.9    0.0    0.5    1.6  330.0
climsw 2010  1 15  15    -9.0    0.5    5.3 -999.9    0.0    4.9    3.7  330.0
climsw 2010  1 16  16    -7.0    2.0    5.2 -999.9    0.0    4.9    4.1  330.0
climsw 2010  1 17  17   -19.0   -6.5    6.2 -999.9    0.0    5.0    1.5  330.0
climsw 2010  1 18  18    -9.0   -4.5    3.8 -999.9    1.0    5.8    2.7  330.0
climsw 2010  1 19  19    -5.5   -2.5    3.1 -999.9    1.0    2.4    4.1  330.0
climsw 2010  1 20  20    -4.0   -1.5    2.9 -999.9    0.0    2.4    4.4  330.0
climsw 2010  1 21  21   -11.5   -4.5    4.9 -999.9    0.0    4.9    2.7  330.0
climsw 2010  1 22  22   -13.0   -4.0    5.6 -999.9    0.0    3.0    2.4  330.0
climsw 2010  1 23  23   -22.0   -6.5    7.4 -999.9    0.0    3.3    1.4  330.0
climsw 2010  1 24  24   -14.0   -1.0    6.9 -999.9    8.2    3.0    2.4  330.0
climsw 2010  1 25  25    -5.5    8.0    7.1 -999.9   18.8    4.4    6.2  330.0
climsw 2010  1 26  26     0.0    1.5    2.4 -999.9    2.0    5.9    5.8  330.0
climsw 2010  1 27  27    -7.0   -0.5    5.1 -999.9    0.0    3.9    4.2  330.0
climsw 2010  1 28  28   -10.0   -0.5    6.2 -999.9    8.0    3.9    3.6  330.0
climsw 2010  1 29  29   -18.0  -15.0    3.5 -999.9    0.0    8.8    1.5  330.0
climsw 2010  1 30  30   -21.5  -16.0    4.9 -999.9    0.0    6.1    1.0  330.0
climsw 2010  1 31  31   -22.0  -12.0    6.6 -999.9    0.0    2.8    1.3  330.0
climsw 2010  2  1  32   -17.0  -13.0    4.3 -999.9    0.0    5.5    1.4  330.0
climsw 2010  2  2  33   -25.0  -14.0    7.2 -999.9    0.0    2.9    0.8  330.0
climsw 2010  2  3  34   -25.0   -8.0    9.0 -999.9    0.0    2.0    1.2  330.0
climsw 2010  2  4  35   -16.0  -11.0    5.0 -999.9    0.0    5.3    1.5  330.0
climsw 2010  2  5  36   -16.0  -10.5    5.3 -999.9    0.0    5.1    1.4  330.0
climsw 2010  2  6  37   -22.0   -7.0    8.9 -999.9    0.0    4.2    1.2  330.0
climsw 2010  2  7  38   -15.5   -7.0    6.8 -999.9    0.4    5.1    1.8  330.0
climsw 2010  2  8  39    -9.5   -5.0    5.0 -999.9    0.0    6.9    2.7  330.0
climsw 2010  2  9  40    -6.0   -1.0    5.3 -999.9    0.0    7.0    3.8  330.0
climsw 2010  2 10  41   -16.5   -3.0    8.9 -999.9    0.0    2.6    2.4  330.0
climsw 2010  2 11  42    -5.5   -1.0    5.2 -999.9    0.0    3.0    3.7  330.0
climsw 2010  2 12  43    -8.0   -5.0    4.3 -999.9    0.0    5.9    3.0  330.0
climsw 2010  2 13  44   -10.0   -3.5    6.5 -999.9    0.0    7.0    3.0  330.0
climsw 2010  2 14  45    -7.0   -3.5    4.8 -999.9    0.0    6.8    3.2  330.0
climsw 2010  2 15  46    -7.0   -4.0    4.5 -999.9    0.0    5.0    3.2  330.0
climsw 2010  2 16  47    -5.5   -0.5    5.9 -999.9    1.0    2.2    4.1  330.0
climsw 2010  2 17  48    -5.0    0.0    6.0 -999.9    0.0    3.5    4.6  330.0
climsw 2010  2 18  49    -2.5    4.0    6.9 -999.9    3.0    6.9    5.2  330.0
climsw 2010  2 19  50    -5.5   -0.5    6.2 -999.9    0.0    7.1    4.0  330.0
climsw 2010  2 20  51    -4.0    0.5    5.9 -999.9    0.0    6.0    4.0  330.0
climsw 2010  2 21  52    -6.0    0.0    7.0 -999.9    1.0    5.1    4.0  330.0
climsw 2010  2 22  53    -2.5    1.5    5.8 -999.9    1.0    2.9    5.1  330.0
climsw 2010  2 23  54    -1.0    4.5    6.9 -999.9    0.0    4.2    5.9  330.0
climsw 2010  2 24  55    -1.0    1.5    4.7 -999.9   19.0    6.1    5.3  330.0
climsw 2010  2 25  56    -1.0   -1.0    0.0 -999.9   19.0   10.6    5.3  330.0
climsw 2010  2 26  57    -2.5    0.0    4.8 -999.9   17.0   11.3    4.8  330.0
climsw 2010  2 27  58    -1.0    1.0    4.4 -999.9    3.0    8.5    5.2  330.0
climsw 2010  2 28  59    -1.5    1.0    5.0 -999.9    0.0    4.8    5.6  330.0
climsw 2010  3  1  60    -1.0    3.5    6.7 -999.9    0.0    2.0    5.3  330.0
climsw 2010  3  2  61    -2.5    1.0    6.0 -999.9    0.0    3.1    4.2  330.0
climsw 2010  3  3  62   -10.0    0.0   10.3 -999.9    0.0    3.3    3.2  330.0
climsw 2010  3  4  63    -4.0    0.0    6.6 -999.9    0.0    4.1    3.9  330.0
climsw 2010  3  5  64    -8.0   -1.0    8.9 -999.9    0.0    2.1    2.6  330.0
climsw 2010  3  6  65    -9.0    5.5   12.9 -999.9    0.0    4.8    3.2  330.0
climsw 2010  3  7  66    -5.5    5.0   11.2 -999.9    0.0    4.7    4.3  330.0
climsw 2010  3  8  67    -1.0    5.0    8.5 -999.9    0.0    6.2    4.0  330.0
climsw 2010  3  9  68    -6.0    1.0    9.4 -999.9    0.0    4.6    2.8  330.0
climsw 2010  3 10  69    -9.5    2.5   12.4 -999.9    0.0    4.0    2.9  330.0
climsw 2010  3 11  70   -10.5    3.0   13.3 -999.9    0.0    2.5    2.9  330.0
climsw 2010  3 12  71    -5.0    3.0   10.4 -999.9    0.0    4.2    3.2  330.0
climsw 2010  3 13  72    -3.0    6.0   11.2 -999.9    0.0    4.6    3.9  330.0
climsw 2010  3 14  73    -1.0    4.0    8.4 -999.9    0.0    6.5    3.5  330.0
climsw 2010  3 15  74     0.0    6.0    9.3 -999.9    0.0    4.8    4.8  330.0
climsw 2010  3 16  75    -6.0   13.0   16.8 -999.9    0.0    2.4    4.5  330.0
climsw 2010  3 17  76    -3.5    9.0   13.8 -999.9    0.0    3.7    4.6  330.0
climsw 2010  3 18  77     2.5    9.0   10.1 -999.9    0.0    4.3    4.9  330.0
climsw 2010  3 19  78    -1.5    4.0    9.4 -999.9    0.0    3.4    4.4  330.0
climsw 2010  3 20  79     0.0    5.0    9.0 -999.9    0.0    4.7    4.5  330.0
climsw 2010  3 21  80    -5.5    3.0   11.9 -999.9    0.0    1.9    2.9  330.0
climsw 2010  3 22  81    -2.0    8.5   13.4 -999.9    0.0    2.7    5.2  330.0
climsw 2010  3 23  82    -2.5   -1.0    5.1 -999.9   29.0    9.1    4.3  330.0
climsw 2010  3 24  83    -1.5    1.5    7.3 -999.9    3.0    2.9    5.2  330.0
climsw 2010  3 25  84    -9.0   10.0   18.6 -999.9    0.0    4.3    3.8  330.0
climsw 2010  3 26  85   -14.0   -5.0   13.0 -999.9    0.0    4.8    1.2  330.0
climsw 2010  3 27  86   -17.5   -3.5   16.3 -999.9    0.0    2.7    1.2  330.0
climsw 2010  3 28  87    -7.0    6.0   15.9 -999.9    9.0    3.5    3.1  330.0
climsw 2010  3 29  88    -0.5    1.5    6.3 -999.9   11.0    2.9    6.2  330.0
climsw 2010  3 30  89     0.0    3.5    8.4 -999.9    0.7    5.4    5.5  330.0
climsw 2010  3 31  90     0.5    3.5    7.9 -999.9    0.0    6.3    6.4  330.0
climsw 2010  4  1  91     0.0    7.5   12.6 -999.9    0.0    2.9    6.9  330.0
climsw 2010  4  2  92    -1.0   16.5   19.4 -999.9    0.0    2.6    8.1  330.0
climsw 2010  4  3  93     0.0   25.0   23.4 -999.9    0.0    1.7    9.4  330.0
climsw 2010  4  4  94     5.0   16.5   16.1 -999.9    0.0    5.0    6.5  330.0
climsw 2010  4  5  95    -0.5   14.0   18.2 -999.9    3.6    1.8    6.7  330.0
climsw 2010  4  6  96     4.5   15.0   15.6 -999.9    3.2    3.6    8.2  330.0
climsw 2010  4  7  97     5.5   10.5   10.9 -999.9    1.8    2.3    9.1  330.0
climsw 2010  4  8  98     0.5    6.5   12.0 -999.9    3.0    5.8    4.2  330.0
climsw 2010  4  9  99     4.0    7.0    8.6 -999.9    6.2    4.1    7.2  330.0
climsw 2010  4 10 100     2.5    9.0   12.7 -999.9    0.0    8.5    5.2  330.0
climsw 2010  4 11 101     2.0   11.0   15.1 -999.9    0.0    7.6    5.4  330.0
climsw 2010  4 12 102     0.0   11.5   17.2 -999.9    0.0    4.0    4.3  330.0
climsw 2010  4 13 103    -3.5   11.5   19.9 -999.9    0.0    2.7    3.3  330.0
climsw 2010  4 14 104    -1.5   13.5   20.0 -999.9    0.0    3.8    3.8  330.0
climsw 2010  4 15 105    -2.5    7.5   16.5 -999.9    0.0    4.2    4.3  330.0
climsw 2010  4 16 106     0.5    9.5   15.8 -999.9    1.2    5.9    5.8  330.0
climsw 2010  4 17 107     0.0    4.0   10.6 -999.9   11.4    4.3    6.1  330.0
climsw 2010  4 18 108     0.5    6.0   12.5 -999.9    0.0    3.3    6.6  330.0
climsw 2010  4 19 109     1.0   13.0   18.6 -999.9    0.0    2.0    7.9  330.0
climsw 2010  4 20 110     3.0   18.0   21.0 -999.9    0.0    3.4    6.9  330.0
climsw 2010  4 21 111    -0.5   16.0   22.1 -999.9    0.4    2.4    5.1  330.0
climsw 2010  4 22 112     4.5   10.5   13.5 -999.9    0.4    3.1    7.0  330.0
climsw 2010  4 23 113     2.5   13.5   18.3 -999.9    0.0    1.8    6.7  330.0
climsw 2010  4 24 114    -0.3   16.5   22.8 -999.9    6.5    3.3    6.7  330.0
climsw 2010  4 25 115     5.0   16.5   19.0 -999.9    0.0    2.2    7.9  330.0
climsw 2010  4 26 116     1.5    9.0   15.5 -999.9    0.0    7.3    4.2  330.0
climsw 2010  4 27 117     0.5    5.0   12.0 -999.9    6.8    6.6    5.6  330.0
climsw 2010  4 28 118     1.5   13.5   19.8 -999.9    0.0    3.6    5.8  330.0
climsw 2010  4 29 119     1.5    9.5   16.3 -999.9    0.0    6.9    4.4  330.0
climsw 2010  4 30 120     5.0   18.5   21.3 -999.9    0.0    5.7    5.5  330.0
climsw 2010  5  1 121     2.0   21.5   25.7 -999.9    0.0    3.1    5.8  330.0
climsw 2010  5  2 122    11.0   26.0   22.7 -999.9   17.8    1.4   14.4  330.0
climsw 2010  5  3 123    10.5   21.0   19.1 -999.9    6.0    5.1   15.5  330.0
climsw 2010  5  4 124     7.0   20.0   21.3 -999.9    0.0    3.6   11.0  330.0
climsw 2010  5  5 125     7.5   19.0   20.2 -999.9    4.4    2.9   11.0  330.0
climsw 2010  5  6 126     9.0   19.0   18.9 -999.9    5.9    5.1   13.8  330.0
climsw 2010  5  7 127     4.5   12.5   17.0 -999.9    0.0    6.6    6.5  330.0
climsw 2010  5  8 128    -1.5    7.0   17.6 -999.9    6.7    4.3    6.0  330.0
climsw 2010  5  9 129     4.0    7.5   11.4 -999.9    1.5    6.2    7.1  330.0
climsw 2010  5 10 130     0.5    5.5   13.6 -999.9    0.0    4.5    4.5  330.0
climsw 2010  5 11 131    -3.0   14.5   25.6 -999.9    0.0    2.9    5.2  330.0
climsw 2010  5 12 132     0.0   11.5   20.9 -999.9    0.0    2.9    4.6  330.0
climsw 2010  5 13 133    -2.0   17.5   27.3 -999.9    0.0    3.6    4.0  330.0
climsw 2010  5 14 134     4.0   16.5   22.0 -999.9    2.8    2.1    6.5  330.0
climsw 2010  5 15 135     6.0   15.5   19.2 -999.9    0.9    3.0    9.4  330.0
climsw 2010  5 16 136     0.0   20.0   28.0 -999.9    0.0    4.8    4.4  330.0
climsw 2010  5 17 137     3.5   22.0   27.0 -999.9    0.0    2.4    6.1  330.0
climsw 2010  5 18 138     4.5   27.0   29.9 -999.9    0.0    2.6    8.3  330.0
climsw 2010  5 19 139     7.5   24.5   26.1 -999.9    0.0    1.9    9.6  330.0
climsw 2010  5 20 140     9.5   24.0   24.2 -999.9    0.0    4.7    9.3  330.0
climsw 2010  5 21 141     1.5   20.0   27.4 -999.9    0.0    2.5    5.0  330.0
climsw 2010  5 22 142     3.0   27.0   31.4 -999.9    0.0    2.0    8.0  330.0
climsw 2010  5 23 143    12.0   28.5   26.1 -999.9    0.0    3.8   13.5  330.0
climsw 2010  5 24 144    14.5   29.0   24.5 -999.9    0.0    4.3   16.2  330.0
climsw 2010  5 25 145    10.5   30.0   28.5 -999.9   16.9    3.3   18.6  330.0
climsw 2010  5 26 146    11.5   26.5   25.1 -999.9    2.9    4.5   15.6  330.0
climsw 2010  5 27 147     9.0   18.0   19.5 -999.9    0.0    4.0    9.0  330.0
climsw 2010  5 28 148     4.0   19.0   25.2 -999.9    0.0    3.3    7.9  330.0
climsw 2010  5 29 149    10.0   23.5   24.0 -999.9    0.0    2.8   12.1  330.0
climsw 2010  5 30 150    11.5   21.0   20.2 -999.9    0.0    5.2    7.1  330.0
climsw 2010  5 31 151     3.5   18.5   25.4 -999.9    0.0    2.3    6.5  330.0
climsw 2010  6  1 152    11.5   15.5   13.2 -999.9   25.8    2.6   14.0  330.0
climsw 2010  6  2 153     9.0   22.0   23.8 -999.9    6.5    2.3   15.4  330.0
climsw 2010  6  3 154    11.5   15.5   13.2 -999.9    4.0    3.9   12.7  330.0
climsw 2010  6  4 155    11.0   23.0   22.9 -999.9    0.2    3.3   14.1  330.0
climsw 2010  6  5 156    10.5   14.0   12.4 -999.9    1.2    4.3   10.6  330.0
climsw 2010  6  6 157     8.0   14.0   16.3 -999.9    8.6    2.2   12.1  330.0
climsw 2010  6  7 158     8.5   18.5   21.0 -999.9    0.7    4.6   10.7  330.0
climsw 2010  6  8 159     8.0   18.5   21.6 -999.9    0.6    3.4   10.0  330.0
climsw 2010  6  9 160     7.0   21.5   25.4 -999.9    0.0    2.5    9.2  330.0
climsw 2010  6 10 161    10.0   21.5   22.6 -999.9    0.0    3.4   11.0  330.0
climsw 2010  6 11 162     7.0   23.5   27.2 -999.9    0.0    3.4   12.5  330.0
climsw 2010  6 12 163    13.5   23.5   21.2 -999.9    0.0    1.7   15.6  330.0
climsw 2010  6 13 164    11.0   23.0   23.2 -999.9    0.0    1.9   13.6  330.0
climsw 2010  6 14 165     9.5   20.5   22.2 -999.9    0.3    3.5   11.4  330.0
climsw 2010  6 15 166     4.2   23.0   29.1 -999.9    0.0    3.4    5.6  330.0
climsw 2010  6 16 167     6.0   22.5   27.3 -999.9    0.8    1.8    9.8  330.0
climsw 2010  6 17 168    13.0   25.5   23.7 -999.9    1.9    2.9   15.1  330.0
climsw 2010  6 18 169    14.0   28.5   25.6 -999.9    0.0    4.9   15.6  330.0
climsw 2010  6 19 170    16.8   29.0   23.5 -999.9    0.7    3.7   19.7  330.0
climsw 2010  6 20 171    18.0   26.5   19.6 -999.9    1.5    2.6   21.5  330.0
climsw 2010  6 21 172    11.3   26.0   25.8 -999.9    0.0    3.6   10.2  330.0
climsw 2010  6 22 173     8.0   27.5   29.7 -999.9    0.0    1.8    9.7  330.0
climsw 2010  6 23 174    17.0   23.0   16.5 -999.9    0.0    2.1   15.8  330.0
climsw 2010  6 24 175    18.5   22.5   13.4 -999.9   22.4    3.4   19.8  330.0
climsw 2010  6 25 176     9.5   22.0   23.7 -999.9    0.0    3.9   11.2  330.0
climsw 2010  6 26 177    13.5   22.5   20.1 -999.9    1.4    3.3   14.6  330.0
climsw 2010  6 27 178     8.0   24.0   26.8 -999.9    0.0    3.5   11.9  330.0
climsw 2010  6 28 179    11.5   14.0   10.6 -999.9    3.3    5.8   12.4  330.0
climsw 2010  6 29 180    12.0   20.5   19.5 -999.9    1.6    2.4   16.4  330.0
climsw 2010  6 30 181    10.0   17.5   18.3 -999.9    4.0    4.7   12.9  330.0
climsw 2010  7  1 182     7.0   17.0   21.1 -999.9    2.3    3.9   10.8  330.0
climsw 2010  7  2 183     8.5   24.5   26.7 -999.9    0.0    3.3   12.0  330.0
climsw 2010  7  3 184    16.0   27.0   22.1 -999.9    0.1    4.8   17.5  330.0
climsw 2010  7  4 185    18.5   26.7   19.1 -999.9    0.5    4.2   20.3  330.0
climsw 2010  7  5 186    19.5   31.5   23.0 -999.9    7.2    2.9   24.3  330.0
climsw 2010  7  6 187    18.5   32.0   24.4 -999.9    0.1    2.1   24.4  330.0
climsw 2010  7  7 188    21.0   33.5   23.4 -999.9    0.0    3.4   26.4  330.0
climsw 2010  7  8 189    17.0   32.5   26.0 -999.9    0.0    3.3   22.6  330.0
climsw 2010  7  9 190    22.5   31.0   19.2 -999.9    8.9    2.9   28.7  330.0
climsw 2010  7 10 191    20.0   28.0   18.6 -999.9    0.1    3.4   24.0  330.0
climsw 2010  7 11 192    15.2   30.0   25.3 -999.9    0.0    1.9   17.8  330.0
climsw 2010  7 12 193    14.0   31.2   27.2 -999.9    0.0    2.1   18.7  330.0
climsw 2010  7 13 194    18.6   27.0   18.9 -999.9   13.7    1.9   23.4  330.0
climsw 2010  7 14 195    19.0   27.5   19.0 -999.9    0.1    2.8   20.1  330.0
climsw 2010  7 15 196    14.5   30.5   26.0 -999.9    0.0    2.1   17.2  330.0
climsw 2010  7 16 197    19.0   27.5   18.9 -999.9    6.4    3.0   23.2  330.0
climsw 2010  7 17 198    19.0   29.0   20.5 -999.9    2.9    5.5   22.7  330.0
climsw 2010  7 18 199    17.0   24.5   17.7 -999.9    0.0    5.3   17.8  330.0
climsw 2010  7 19 200    15.5   21.5   15.7 -999.9    1.8    2.0   17.6  330.0
climsw 2010  7 20 201    14.5   26.0   21.7 -999.9    0.0    3.1   16.1  330.0
climsw 2010  7 21 202    13.0   27.5   24.3 -999.9    4.2    1.8   17.5  330.0
climsw 2010  7 22 203    16.2   28.5   22.3 -999.9    0.1    3.4   16.1  330.0
climsw 2010  7 23 204    11.0   26.0   24.6 -999.9    1.5    1.8   12.0  330.0
climsw 2010  7 24 205    17.5   24.5   16.7 -999.9    0.4    2.4   18.7  330.0
climsw 2010  7 25 206    18.0   24.5   16.1 -999.9    1.9    5.2   17.2  330.0
climsw 2010  7 26 207    15.5   25.5   19.8 -999.9    0.0    5.8   14.2  330.0
climsw 2010  7 27 208    10.8   28.5   26.3 -999.9    0.0    4.2   14.0  330.0
climsw 2010  7 28 209    17.0   30.0   22.4 -999.9    1.1    4.6   21.3  330.0
climsw 2010  7 29 210    17.5   21.0   11.6 -999.9    0.3    5.0   15.0  330.0
climsw 2010  7 30 211    11.0   19.0   17.4 -999.9    0.0    2.4   12.4  330.0
climsw 2010  7 31 212     8.2   24.0   24.4 -999.9    0.0    2.0   10.6  330.0
climsw 2010  8  1 213     7.6   26.5   26.6 -999.9    0.0    1.9   11.1  330.0
climsw 2010  8  2 214     9.7   27.0   25.3 -999.9   10.9    2.3   14.7  330.0
climsw 2010  8  3 215    18.0   25.0   16.0 -999.9   54.0    2.0   22.8  330.0
climsw 2010  8  4 216    18.5   27.5   18.1 -999.9    1.7    3.1   23.2  330.0
climsw 2010  8  5 217    18.5   29.0   19.4 -999.9    0.2    2.7   22.2  330.0
climsw 2010  8  6 218    15.0   20.5   14.0 -999.9    0.0    5.7   13.0  330.0
climsw 2010  8  7 219     5.5   19.0   21.8 -999.9    0.0    3.6    8.7  330.0
climsw 2010  8  8 220     9.5   22.5   21.3 -999.9    1.4    3.4   13.2  330.0
climsw 2010  8  9 221    17.5   25.5   16.6 -999.9    1.2    3.8   20.8  330.0
climsw 2010  8 10 222    16.0   25.5   18.0 -999.9    0.0    3.3   19.7  330.0
climsw 2010  8 11 223    13.3   22.5   17.6 -999.9    0.0    3.2   12.3  330.0
climsw 2010  8 12 224     8.5   23.5   22.3 -999.9    0.0    3.1   10.1  330.0
climsw 2010  8 13 225     7.2   26.5   25.2 -999.9    0.0    2.2   10.7  330.0
climsw 2010  8 14 226    11.5   27.0   22.4 -999.9    0.0    2.1   16.0  330.0
climsw 2010  8 15 227    16.2   29.5   20.6 -999.9    0.4    2.0   18.9  330.0
climsw 2010  8 16 228    16.6   25.5   16.8 -999.9   29.8    1.9   22.5  330.0
climsw 2010  8 17 229    15.5   24.0   16.3 -999.9    4.6    3.2   16.8  330.0
climsw 2010  8 18 230    13.5   23.0   17.1 -999.9    0.0    2.4   13.7  330.0
climsw 2010  8 19 231    10.5   25.5   21.4 -999.9    0.0    2.2   14.0  330.0
climsw 2010  8 20 232    10.6   22.5   18.9 -999.9    0.0    3.8   11.7  330.0
climsw 2010  8 21 233     9.5   22.5   19.6 -999.9    0.0    3.4   13.5  330.0
climsw 2010  8 22 234    11.5   17.0   12.7 -999.9    1.0    4.0   13.3  330.0
climsw 2010  8 23 235    14.0   21.7   14.9 -999.9    0.0    5.2   15.1  330.0
climsw 2010  8 24 236    10.5   24.8   20.1 -999.9    0.0    2.0   13.0  330.0
climsw 2010  8 25 237    10.0   21.0   17.5 -999.9    1.0    2.2   14.1  330.0
climsw 2010  8 26 238    15.3   22.5   14.1 -999.9    2.8    2.9   18.5  330.0
climsw 2010  8 27 239    11.0   20.5   16.0 -999.9    1.0    4.4   12.5  330.0
climsw 2010  8 28 240    12.0   21.5   15.9 -999.9    3.4    2.5   15.6  330.0
climsw 2010  8 29 241    17.0   29.5   18.1 -999.9    0.0    4.7   20.4  330.0
climsw 2010  8 30 242    17.0   29.0   17.6 -999.9    0.0    4.8   20.1  330.0
climsw 2010  8 31 243    19.0   30.0   16.7 -999.9    0.0    4.9   22.5  330.0
climsw 2010  9  1 244    20.0   31.7   17.1 -999.9    0.0    4.5   23.7  330.0
climsw 2010  9  2 245    21.5   27.5   12.1 -999.9    5.8    3.3   22.8  330.0
climsw 2010  9  3 246    16.5   21.5   11.0 -999.9    0.0    4.2   17.4  330.0
climsw 2010  9  4 247    15.5   22.0   12.4 -999.9    3.0    4.9   16.1  330.0
climsw 2010  9  5 248    11.0   16.5   11.3 -999.9    3.6    7.1   11.4  330.0
climsw 2010  9  6 249     9.0   20.5   16.2 -999.9   19.0    5.1   12.6  330.0
climsw 2010  9  7 250    13.0   18.0   10.6 -999.9   12.2    2.9   15.9  330.0
climsw 2010  9  8 251    12.0   15.0    8.1 -999.9    7.6    4.2   13.9  330.0
climsw 2010  9  9 252     9.7   13.0    8.4 -999.9    3.8    2.0   11.8  330.0
climsw 2010  9 10 253    10.0   16.0   11.3 -999.9    0.0    2.1   12.1  330.0
climsw 2010  9 11 254     6.5   18.5   15.8 -999.9    0.0    2.7    9.5  330.0
climsw 2010  9 12 255     8.0   16.5   13.1 -999.9    1.2    4.4   10.7  330.0
climsw 2010  9 13 256    11.0   15.5    9.5 -999.9   15.4    2.0   13.8  330.0
climsw 2010  9 14 257    10.5   17.0   11.2 -999.9    2.4    3.3   13.2  330.0
climsw 2010  9 15 258     9.5   15.0   10.2 -999.9    0.2    4.2   10.5  330.0
climsw 2010  9 16 259     5.7   12.0   10.8 -999.9    2.8    2.9    9.4  330.0
climsw 2010  9 17 260     7.7   17.0   13.0 -999.9    0.2    2.7    9.9  330.0
climsw 2010  9 18 261     3.2   19.0   16.8 -999.9    2.0    2.2    9.8  330.0
climsw 2010  9 19 262    12.0   18.5   10.7 -999.9    0.2    2.9   12.2  330.0
climsw 2010  9 20 263     3.5   16.5   14.9 -999.9    0.0    2.9    7.7  330.0
climsw 2010  9 21 264     3.5   14.5   13.6 -999.9    7.6    2.5    9.7  330.0
climsw 2010  9 22 265     8.0   21.0   14.6 -999.9    0.0    4.7   12.3  330.0
climsw 2010  9 23 266     3.8   14.5   13.1 -999.9    0.0    3.5    8.2  330.0
climsw 2010  9 24 267     7.5    9.5    5.6 -999.9   21.4    4.8   10.0  330.0
climsw 2010  9 25 268     7.0   10.5    7.3 -999.9    2.4    5.0   10.3  330.0
climsw 2010  9 26 269     6.0   10.0    7.7 -999.9    0.0    6.0    7.9  330.0
climsw 2010  9 27 270     8.0   17.5   11.8 -999.9   10.8    2.8   11.9  330.0
climsw 2010  9 28 271    12.5   16.5    7.5 -999.9   32.6    3.2   15.2  330.0
climsw 2010  9 29 272    11.0   16.5    8.7 -999.9    0.0    3.8   13.0  330.0
climsw 2010  9 30 273    10.3   15.0    8.0 -999.9   30.6    2.7   13.1  330.0
climsw 2010 10  1 274    13.5   14.5    3.6 -999.9   13.8    3.4   13.8  330.0
climsw 2010 10  2 275     5.5   12.5    9.5 -999.9    0.0    4.5    8.2  330.0
climsw 2010 10  3 276     1.0   13.5   12.5 -999.9    0.0    2.2    6.8  330.0
climsw 2010 10  4 277    -1.0   14.0   13.5 -999.9    0.0    2.5    6.5  330.0
climsw 2010 10  5 278     0.0   19.5   15.2 -999.9    0.0    1.6    7.5  330.0
climsw 2010 10  6 279     5.5   12.5    9.0 -999.9   14.6    4.7    8.4  330.0
climsw 2010 10  7 280     8.5   13.0    7.1 -999.9   13.0    5.2   10.6  330.0
climsw 2010 10  8 281     5.7   14.0    9.6 -999.9    0.0    5.7    7.7  330.0
climsw 2010 10  9 282     3.0    9.1    8.1 -999.9    0.0    5.7    5.3  330.0
climsw 2010 10 10 283     1.0   12.0   10.7 -999.9    0.0    5.4    6.2  330.0
climsw 2010 10 11 284     1.7   10.5    9.5 -999.9    0.0    4.4    6.2  330.0
climsw 2010 10 12 285     1.5   11.5    9.9 -999.9    0.0    3.6    7.2  330.0
climsw 2010 10 13 286     1.7   12.0   10.0 -999.9    0.0    3.3    7.4  330.0
climsw 2010 10 14 287    -0.5    9.5    9.7 -999.9    0.0    2.9    6.9  330.0
climsw 2010 10 15 288     5.0    8.0    5.2 -999.9   36.8    7.1    7.7  330.0
climsw 2010 10 16 289     4.5    9.5    6.7 -999.9    1.2    2.8    7.3  330.0
climsw 2010 10 17 290     2.5   10.0    8.0 -999.9    1.0    5.2    7.7  330.0
climsw 2010 10 18 291     2.5    7.5    6.5 -999.9    0.0    6.1    5.7  330.0
climsw 2010 10 19 292    -2.5    9.0    9.7 -999.9    0.0    4.1    5.3  330.0
climsw 2010 10 20 293     2.5   12.0    8.7 -999.9    0.0    3.4    6.1  330.0
climsw 2010 10 21 294     5.0    9.0    5.5 -999.9    9.2    3.7    8.0  330.0
climsw 2010 10 22 295     1.0    7.0    6.7 -999.9    0.0    8.3    5.9  330.0
climsw 2010 10 23 296     0.0    6.0    6.6 -999.9    0.0    5.8    4.8  330.0
climsw 2010 10 24 297    -3.0    7.5    8.6 -999.9    1.3    2.0    5.3  330.0
climsw 2010 10 25 298    -2.5    4.5    6.9 -999.9   11.5    4.6    5.8  330.0
climsw 2010 10 26 299     3.0    9.5    6.6 -999.9    1.3    5.7    8.7  330.0
climsw 2010 10 27 300     5.0   17.5    9.0 -999.9    1.3    4.0   10.9  330.0
climsw 2010 10 28 301     1.6   17.0    9.8 -999.9    1.5    3.9    8.8  330.0
climsw 2010 10 29 302     4.0    7.0    4.3 -999.9    0.0    4.3    7.1  330.0
climsw 2010 10 30 303    -1.5    4.5    6.0 -999.9    0.0    4.2    4.6  330.0
climsw 2010 10 31 304    -5.0    2.5    6.6 -999.9    0.0    3.1    3.6  330.0
climsw 2010 11  1 305    -1.5    7.0    6.9 -999.9    0.0    3.1    4.5  330.0
climsw 2010 11  2 306    -5.0    6.5    7.9 -999.9    0.0    2.3    4.0  330.0
climsw 2010 11  3 307    -3.5    6.5    7.3 -999.9    0.0    2.0    5.6  330.0
climsw 2010 11  4 308    -5.5    4.5    7.2 -999.9   25.4    3.2    4.9  330.0
climsw 2010 11  5 309     2.0    4.0    3.2 -999.9   15.0    6.2    6.9  330.0
climsw 2010 11  6 310     1.0    5.5    4.7 -999.9    0.0    4.2    6.3  330.0
climsw 2010 11  7 311    -2.5    2.5    4.9 -999.9    5.7    2.9    5.1  330.0
climsw 2010 11  8 312    -1.5    4.5    5.3 -999.9    2.8    3.8    6.0  330.0
climsw 2010 11  9 313     3.5    6.5    3.7 -999.9    0.0    4.7    6.8  330.0
climsw 2010 11 10 314     0.5    4.5    4.2 -999.9    0.0    4.4    5.4  330.0
climsw 2010 11 11 315    -1.0    6.0    5.4 -999.9    0.0    2.6    5.4  330.0
climsw 2010 11 12 316    -5.5   10.5    8.1 -999.9    0.0    1.7    4.5  330.0
climsw 2010 11 13 317    -3.0    9.5    7.1 -999.9    0.0    2.4    5.8  330.0
climsw 2010 11 14 318     1.0    4.5    3.7 -999.9    1.4    6.1    4.8  330.0
climsw 2010 11 15 319     1.0    7.5    5.0 -999.9    0.5    2.0    6.9  330.0
climsw 2010 11 16 320    -2.5    8.5    6.4 -999.9   14.0    1.3    6.6  330.0
climsw 2010 11 17 321    -1.0    6.5    5.2 -999.9   28.2    5.8    6.8  330.0
climsw 2010 11 18 322     1.5    4.5    3.3 -999.9    0.0    7.9    5.5  330.0
climsw 2010 11 19 323    -5.0   -0.5    3.9 -999.9    4.0    3.8    3.0  330.0
climsw 2010 11 20 324    -7.5    1.0    5.4 -999.9    1.5    4.5    3.7  330.0
climsw 2010 11 21 325   -13.5   -3.0    5.9 -999.9    1.5    3.1    2.1  330.0
climsw 2010 11 22 326   -11.5   -0.5    5.9 -999.9    8.2    3.3    3.4  330.0
climsw 2010 11 23 327    -2.0    2.0    3.5 -999.9   12.7    3.6    5.7  330.0
climsw 2010 11 24 328    -3.5   -1.5    2.5 -999.9    0.0    7.5    3.5  330.0
climsw 2010 11 25 329   -10.0   -3.5    4.4 -999.9    0.0    5.2    2.7  330.0
climsw 2010 11 26 330    -9.5    0.0    5.3 -999.9   10.0    4.1    3.7  330.0
climsw 2010 11 27 331    -7.5   -0.5    4.5 -999.9    3.0    3.8    3.8  330.0
climsw 2010 11 28 332   -10.0   -2.0    4.8 -999.9    0.0    4.3    3.3  330.0
climsw 2010 11 29 333    -6.0    0.5    4.2 -999.9    0.0    2.2    4.0  330.0
climsw 2010 11 30 334   -11.5    2.5    6.2 -999.9   14.6    3.6    3.8  330.0
climsw 2010 12  1 335    -0.5    3.5    3.3 -999.9   13.6    7.0    6.0  330.0
climsw 2010 12  2 336     0.0    2.1    2.4 -999.9    0.0    3.5    5.9  330.0
climsw 2010 12  3 337    -1.5    1.0    2.5 -999.9   12.0    2.0    5.2  330.0
climsw 2010 12  4 338    -2.0    0.5    2.5 -999.9    7.0    3.3    5.3  330.0
climsw 2010 12  5 339    -6.0   -4.5    1.9 -999.9    0.0    4.5    3.6  330.0
climsw 2010 12  6 340    -7.0   -1.5    3.7 -999.9   13.0    5.6    3.9  330.0
climsw 2010 12  7 341    -6.0   -4.5    1.9 -999.9    0.0    7.8    3.5  330.0
climsw 2010 12  8 342    -9.0   -7.5    1.9 -999.9    0.0    7.4    2.7  330.0
climsw 2010 12  9 343   -13.0   -9.0    3.1 -999.9    0.0    5.2    2.0  330.0
climsw 2010 12 10 344   -21.0   -8.0    5.5 -999.9    2.0    1.7    1.6  330.0
climsw 2010 12 11 345   -13.0   -4.5    4.5 -999.9    1.5    2.0    2.8  330.0
climsw 2010 12 12 346   -11.5    4.0    6.0 -999.9   16.0    7.3    4.1  330.0
climsw 2010 12 13 347    -4.0    5.0    4.6 -999.9    9.0    4.6    5.7  330.0
climsw 2010 12 14 348   -10.5   -8.0    2.4 -999.9    2.0    4.4    2.5  330.0
climsw 2010 12 15 349   -13.5  -11.5    2.1 -999.9    3.0    5.7    1.9  330.0
climsw 2010 12 16 350   -20.0  -10.5    4.6 -999.9    0.0    1.2    1.5  330.0
climsw 2010 12 17 351   -18.5  -10.5    4.2 -999.9    0.0    2.5    1.6  330.0
climsw 2010 12 18 352   -16.0   -6.5    4.6 -999.9    0.0    1.1    2.1  330.0
climsw 2010 12 19 353   -15.5   -5.5    4.7 -999.9    0.0    2.5    2.4  330.0
climsw 2010 12 20 354    -9.5   -4.0    3.5 -999.9    0.0    1.6    3.1  330.0
climsw 2010 12 21 355    -7.5    1.5    4.5 -999.9    4.5    1.4    4.1  330.0
climsw 2010 12 22 356    -1.5   -0.5    1.5 -999.9   10.0    1.2    4.9  330.0
climsw 2010 12 23 357    -4.0   -0.5    2.8 -999.9    0.0    2.0    4.2  330.0
climsw 2010 12 24 358   -15.0   -7.0    4.2 -999.9    0.0    2.7    2.1  330.0
climsw 2010 12 25 359   -17.0   -7.0    4.8 -999.9    0.0    1.4    1.9  330.0
climsw 2010 12 26 360   -19.0   -7.0    5.2 -999.9    0.0    2.3    1.6  330.0
climsw 2010 12 27 361    -9.0   -5.5    2.8 -999.9    0.0    4.7    2.1  330.0
climsw 2010 12 28 362   -13.5   -6.5    4.0 -999.9    0.0    5.1    1.6  330.0
climsw 2010 12 29 363   -15.0   -6.0    4.6 -999.9    0.0    4.4    1.8  330.0
climsw 2010 12 30 364    -9.0   -1.5    4.2 -999.9    0.0    4.9    3.6  330.0
climsw 2010 12 31 365    -5.5    1.5    4.1 -999.9    0.0    1.5    4.8  330.0
