     f3 2003  3 11  70     8.7   18.9    8.4 -999.9    0.0    2.5    9.0  330.0
     f3 2003  3 12  71     4.5   16.1   10.2 -999.9    0.0    2.5    7.1  330.0
     f3 2003  3 13  72     3.1   14.5   13.1 -999.9    0.0    2.5    6.5  330.0
     f3 2003  3 14  73     2.1   13.6   16.8 -999.9    0.0    2.5    6.1  330.0
     f3 2003  3 15  74     0.5   14.4   16.8 -999.9    0.0    2.5    5.9  330.0
     f3 2003  3 16  75     0.5   16.1   16.5 -999.9    0.0    2.5    6.2  330.0
     f3 2003  3 17  76     0.9   18.5   17.5 -999.9    0.0    2.5    6.9  330.0
     f3 2003  3 18  77     0.2   15.9   16.2 -999.9    0.0    2.5    6.1  330.0
     f3 2003  3 19  78     0.5   15.6   17.0 -999.9    0.0    3.2    6.3  330.0
     f3 2003  3 20  79    -0.3   17.5   17.1 -999.9    0.0    2.1    6.4  330.0
     f3 2003  3 21  80    -0.2   17.0    8.9 -999.9    0.0    2.1    6.8  330.0
     f3 2003  3 22  81     0.6   13.0   17.1 -999.9    0.0    2.6    7.5  330.0
     f3 2003  3 23  82     3.2   17.8   16.9 -999.9    0.0    2.9    7.0  330.0
     f3 2003  3 24  83     3.6   20.1   15.8 -999.9    0.0    2.2    8.8  330.0
     f3 2003  3 25  84     4.1   22.8   16.7 -999.9    0.0    1.9    9.5  330.0
     f3 2003  3 26  85     4.1   22.4   16.3 -999.9    0.0    2.1    9.1  330.0
     f3 2003  3 27  86     3.8   22.3    8.5 -999.9    0.0    2.0    8.0  330.0
     f3 2003  3 28  87     8.9   20.4    9.1 -999.9    2.8    2.2   12.1  330.0
     f3 2003  3 29  88    10.5   16.0    6.7 -999.9    2.0    1.8   13.0  330.0
     f3 2003  3 30  89     8.7   16.1   12.4 -999.9    0.0    1.1   13.0  330.0
     f3 2003  3 31  90     8.1   22.1   18.0 -999.9    0.0    3.9   12.2  330.0
     f3 2003  4  1  91     2.4   18.6   11.4 -999.9    0.0    2.4    9.2  330.0
     f3 2003  4  2  92     2.1   18.1   11.5 -999.9    0.8    2.7    8.9  330.0
     f3 2003  4  3  93     1.2   11.2   14.1 -999.9    0.6    3.8    6.7  330.0
     f3 2003  4  4  94     1.1   12.1   20.4 -999.9    0.0    4.7    6.2  330.0
     f3 2003  4  5  95     1.3   16.0   14.3 -999.9    0.0    3.7    7.5  330.0
     f3 2003  4  6  96     3.5   17.0    6.2 -999.9    0.0    3.4    8.2  330.0
     f3 2003  4  7  97     1.0   10.6   21.8 -999.9    0.0    4.1    6.7  330.0
     f3 2003  4  8  98    -0.4   11.2   21.7 -999.9    0.0    3.4    4.0  330.0
     f3 2003  4  9  99    -2.2   11.3   22.3 -999.9    0.0    3.8    2.9  330.0
     f3 2003  4 10 100    -1.8   12.2   16.9 -999.9    0.0    3.6    4.1  330.0
     f3 2003  4 11 101    -3.0    9.6   15.4 -999.9    0.0    2.9    4.9  330.0
     f3 2003  4 12 102    -2.5   12.6   16.1 -999.9    0.0    2.7    6.3  330.0
     f3 2003  4 13 103     6.7   17.5    9.2 -999.9    0.4    2.1    9.2  330.0
     f3 2003  4 14 104     6.3   18.4   17.7 -999.9    0.0    2.8    6.7  330.0
     f3 2003  4 15 105    10.3   22.1   15.3 -999.9    0.0    2.4    9.3  330.0
     f3 2003  4 16 106     5.1   22.1   22.2 -999.9    0.0    3.5    9.0  330.0
     f3 2003  4 17 107     5.0   25.3   22.1 -999.9    0.0    1.6   10.5  330.0
     f3 2003  4 18 108     5.5   26.6   22.8 -999.9    0.0    2.2    9.2  330.0
     f3 2003  4 19 109     6.5   24.4   23.5 -999.9    0.0    3.3    6.7  330.0
     f3 2003  4 20 110     7.0   17.4    8.6 -999.9    0.0    4.5    6.6  330.0
     f3 2003  4 21 111     5.4   16.3   13.9 -999.9    0.0    2.2   10.4  330.0
     f3 2003  4 22 112     5.7   18.8   19.7 -999.9    0.0    2.5    9.8  330.0
     f3 2003  4 23 113     5.3   21.8   22.6 -999.9    0.0    2.2    9.8  330.0
     f3 2003  4 24 114     5.3   23.5   18.2 -999.9    0.8    2.8    8.7  330.0
     f3 2003  4 25 115     9.8   21.5   14.2 -999.9    0.0    1.7   11.8  330.0
     f3 2003  4 26 116    12.3   24.4   13.7 -999.9    6.4    3.2   15.3  330.0
     f3 2003  4 27 117    10.8   16.7   14.6 -999.9    5.2    3.1   12.8  330.0
     f3 2003  4 28 118    11.3   17.8   10.6 -999.9    0.4    2.3   11.7  330.0
     f3 2003  4 29 119    10.7   21.6   20.5 -999.9    6.0    3.0   13.6  330.0
     f3 2003  4 30 120    10.1   20.0   14.4 -999.9    0.0    2.5   12.3  330.0
     f3 2003  5  1 121     9.3   17.3   17.6 -999.9    5.2    2.6   12.1  330.0
     f3 2003  5  2 122     9.2   18.1   18.4 -999.9    0.0    2.8   11.0  330.0
     f3 2003  5  3 123     5.7   17.3   22.2 -999.9    0.0    3.5   10.0  330.0
     f3 2003  5  4 124     5.9   19.5   23.6 -999.9    0.0    2.3   10.0  330.0
     f3 2003  5  5 125     7.5   27.1    4.2 -999.9   12.2    3.2   13.5  330.0
     f3 2003  5  6 126     9.6   13.9   11.3 -999.9    0.4    1.3   12.1  330.0
     f3 2003  5  7 127     6.7   13.8   22.6 -999.9    0.0    2.4    9.2  330.0
     f3 2003  5  8 128     6.9   20.5   15.7 -999.9    0.0    2.9   10.9  330.0
     f3 2003  5  9 129    10.8   22.3   14.7 -999.9    0.2    2.4   14.7  330.0
     f3 2003  5 10 130     4.3   16.3   23.4 -999.9    0.0    1.5    9.6  330.0
     f3 2003  5 11 131     4.5   19.1   20.8 -999.9    0.0    1.6    9.6  330.0
     f3 2003  5 12 132     6.0   21.0   13.9 -999.9    0.0    1.6   11.2  330.0
     f3 2003  5 13 133     5.8   17.4   21.7 -999.9    0.8    2.2   10.2  330.0
     f3 2003  5 14 134     3.0   15.5   17.4 -999.9    0.4    2.7    8.9  330.0
     f3 2003  5 15 135     3.8   16.4   25.8 -999.9    0.0    2.1    8.4  330.0
     f3 2003  5 16 136     5.0   19.5   14.8 -999.9    0.2    1.9    8.4  330.0
     f3 2003  5 17 137     6.6   19.2    7.1 -999.9    0.6    1.6    9.8  330.0
     f3 2003  5 18 138    10.9   17.1    7.5 -999.9    2.2    2.6   14.1  330.0
     f3 2003  5 19 139    13.1   19.8   16.2 -999.9   17.6    2.3   16.8  330.0
     f3 2003  5 20 140     9.6   18.8   19.8 -999.9    4.8    2.7   12.8  330.0
     f3 2003  5 21 141     9.9   17.8    7.7 -999.9    0.0    2.2   10.7  330.0
     f3 2003  5 22 142    10.9   14.8   17.1 -999.9    0.0    1.8   12.7  330.0
     f3 2003  5 23 143     8.3   22.5   22.1 -999.9    0.0    2.0   13.9  330.0
     f3 2003  5 24 144     9.6   23.8    9.4 -999.9    1.6    1.6   13.7  330.0
     f3 2003  5 25 145     9.0   15.0   16.7 -999.9   23.2    2.2   12.6  330.0
     f3 2003  5 26 146     7.2   17.4   26.4 -999.9    2.4    2.3   11.1  330.0
     f3 2003  5 27 147     6.5   18.4   27.3 -999.9    0.0    1.8   10.4  330.0
     f3 2003  5 28 148    10.0   21.0   26.0 -999.9    0.0    1.0   13.4  330.0
     f3 2003  5 29 149    10.0   25.0   26.0 -999.9    0.0    2.0   14.2  330.0
     f3 2003  5 30 150    13.0   27.0   25.0 -999.9    0.0    1.0   16.6  330.0
     f3 2003  5 31 151    14.0   30.0   19.0 -999.9    0.0    1.0   18.2  330.0
     f3 2003  6  1 152    14.0   30.0   22.0 -999.9    0.0    1.0   19.0  330.0
     f3 2003  6  2 153    14.0   26.0   19.0 -999.9    0.0    1.0   17.3  330.0
     f3 2003  6  3 154    13.0   22.0   17.0 -999.9    0.0    2.0   14.0  330.0
     f3 2003  6  4 155    13.0   25.0   17.0 -999.9   15.0    1.0   18.0  330.0
     f3 2003  6  5 156    13.0   24.0   21.0 -999.9    0.0    1.0   16.8  330.0
     f3 2003  6  6 157    10.0   23.0   26.0 -999.9    0.0    1.0   13.9  330.0
     f3 2003  6  7 158    11.0   25.0   27.0 -999.9    0.0    1.0   14.4  330.0
     f3 2003  6  8 159    12.0   28.0   25.0 -999.9    0.0    1.0   16.6  330.0
     f3 2003  6  9 160     8.0   23.0   26.0 -999.9    0.0    2.0   11.3  330.0
     f3 2003  6 10 161    10.0   26.0   19.0 -999.9    0.0    1.0   13.4  330.0
     f3 2003  6 11 162    12.0   24.0   24.0 -999.9    0.0    1.0   14.8  330.0
     f3 2003  6 12 163    13.0   27.0   21.0 -999.9    0.0    1.0   15.9  330.0
     f3 2003  6 13 164    16.0   28.0   20.0 -999.9    0.0    2.0   16.6  330.0
     f3 2003  6 14 165    16.0   28.0   14.0 -999.9    0.0    2.0   17.7  330.0
     f3 2003  6 15 166    18.0   30.0   23.0 -999.9    0.0    2.0   23.3  330.0
     f3 2003  6 16 167    16.0   29.0   22.0 -999.9    0.0    1.0   19.9  330.0
     f3 2003  6 17 168    17.0   29.0   20.0 -999.9    0.0    1.0   20.5  330.0
     f3 2003  6 18 169    11.0   25.0   28.0 -999.9    0.0    1.0   14.0  330.0
     f3 2003  6 19 170    13.0   25.0   21.0 -999.9    0.0    1.0   13.8  330.0
     f3 2003  6 20 171    15.0   28.0   26.0 -999.9    0.0    1.0   19.0  330.0
     f3 2003  6 21 172    11.0   28.0   29.0 -999.9    0.0    1.0   14.7  330.0
     f3 2003  6 22 173    13.0   31.0   27.0 -999.9    0.0    2.0   13.7  330.0
     f3 2003  6 23 174    15.0   37.0   20.0 -999.9    0.0    2.0   19.2  330.0
     f3 2003  6 24 175    12.0   26.0   26.0 -999.9    0.0    1.0   14.7  330.0
     f3 2003  6 25 176    13.0   29.0   23.0 -999.9    0.0    2.0   13.9  330.0
     f3 2003  6 26 177    16.0   31.0   11.0 -999.9    0.0    1.0   20.0  330.0
     f3 2003  6 27 178    12.0   23.0   18.0 -999.9    0.0    1.0   15.0  330.0
     f3 2003  6 28 179    12.0   24.0   22.0 -999.9    0.0    2.0   13.8  330.0
     f3 2003  6 29 180    12.0   27.0   22.0 -999.9    0.0    1.0   15.0  330.0
     f3 2003  6 30 181    14.0   32.0   13.0 -999.9    6.0    2.0   18.0  330.0
     f3 2003  7  1 182    13.0   22.0   18.0 -999.9    8.0    2.0   16.6  330.0
     f3 2003  7  2 183    12.0   21.0   18.0 -999.9   17.0    2.0   15.6  330.0
     f3 2003  7  3 184    12.0   23.0   18.0 -999.9    4.0    2.0   16.0  330.0
     f3 2003  7  4 185    13.0   23.0   15.0 -999.9    4.0    2.0   16.3  330.0
     f3 2003  7  5 186    13.0   21.0   20.0 -999.9    0.0    1.0   13.6  330.0
     f3 2003  7  6 187    12.0   23.0   21.0 -999.9    0.0    1.0   13.2  330.0
     f3 2003  7  7 188    13.0   25.0   24.0 -999.9    0.0    2.0   14.5  330.0
     f3 2003  7  8 189    13.0   27.0   24.0 -999.9    0.0    1.0   15.0  330.0
     f3 2003  7  9 190    14.0   28.0   28.0 -999.9    0.0    1.0   15.4  330.0
     f3 2003  7 10 191    14.0   29.0   26.0 -999.9    0.0    1.0   16.7  330.0
     f3 2003  7 11 192    15.0   31.0   27.0 -999.9    0.0    1.0   16.6  330.0
     f3 2003  7 12 193    13.0   30.0   28.0 -999.9    0.0    2.0   15.9  330.0
     f3 2003  7 13 194    13.0   30.0   28.0 -999.9    0.0    2.0   12.8  330.0
     f3 2003  7 14 195    15.0   33.0   27.0 -999.9    0.0    2.0   14.3  330.0
     f3 2003  7 15 196    16.0   35.0   19.0 -999.9    0.0    1.0   18.3  330.0
     f3 2003  7 16 197    16.0   32.0    9.0 -999.9   23.0    5.0   23.0  330.0
     f3 2003  7 17 198    13.0   21.0   19.0 -999.9   10.0    2.0   16.7  330.0
